 1.00000000e+00 1.00000000e+00 1.00000000e+00 1.00000000e+00 1.00000000e+00 1.00000000e+00 1.00000000e+00 1.00000000e+00 1.00000000e+00 1.00000000e+00
 1.00000000e+00 1.00000000e+00 1.00000000e+00 1.00000000e+00 1.00000000e+00 1.00000000e+00 1.00000000e+00 1.00000000e+00 1.00000000e+00 1.00000000e+00
 9.99961182e-01 1.00000000e+00 9.99922363e-01 9.99961182e-01 1.00000000e+00 1.00000000e+00 1.00000000e+00 1.00000000e+00 1.00000000e+00 1.00000000e+00
 9.96933349e-01 9.96700439e-01 9.96273437e-01 9.96545165e-01 9.96583984e-01 9.96467528e-01 9.97010986e-01 9.96855712e-01 9.96195800e-01 9.96545165e-01
 9.84550289e-01 9.85598385e-01 9.85365475e-01 9.84511471e-01 9.83579830e-01 9.85054928e-01 9.84938473e-01 9.85443112e-01 9.84977291e-01 9.84589108e-01
 9.71080315e-01 9.71623772e-01 9.72206048e-01 9.71623772e-01 9.70769768e-01 9.71623772e-01 9.71235589e-01 9.71507317e-01 9.72283685e-01 9.71623772e-01
 9.60793447e-01 9.61841543e-01 9.61530996e-01 9.60482901e-01 9.59590078e-01 9.61880362e-01 9.60521719e-01 9.61375723e-01 9.60676992e-01 9.60715811e-01
 9.51050037e-01 9.52175770e-01 9.50894763e-01 9.50390125e-01 9.49070300e-01 9.51981678e-01 9.50623035e-01 9.49846667e-01 9.51205310e-01 9.49885486e-01
 9.40025620e-01 9.40840806e-01 9.39443345e-01 9.39132798e-01 9.38511704e-01 9.40763169e-01 9.39753892e-01 9.39831528e-01 9.40452622e-01 9.39171616e-01
 9.28845930e-01 9.28729475e-01 9.29350569e-01 9.29001203e-01 9.26943830e-01 9.30515120e-01 9.29272932e-01 9.29428205e-01 9.30010481e-01 9.29777571e-01
 9.17937968e-01 9.18675517e-01 9.18403789e-01 9.18597881e-01 9.16734599e-01 9.19878887e-01 9.18481425e-01 9.19063701e-01 9.18986064e-01 9.20150615e-01
 9.07573464e-01 9.08582741e-01 9.07767556e-01 9.08427468e-01 9.07068825e-01 9.08815652e-01 9.07806374e-01 9.08466286e-01 9.08738015e-01 9.09514382e-01
 8.96781957e-01 8.98412329e-01 8.97985327e-01 8.98451147e-01 8.96820776e-01 8.98955786e-01 8.96471410e-01 8.97325414e-01 8.98839331e-01 8.98567602e-01
 8.86339816e-01 8.88009006e-01 8.87582004e-01 8.87582004e-01 8.86145724e-01 8.88901828e-01 8.86456271e-01 8.87271457e-01 8.87232638e-01 8.88591281e-01
 8.75858856e-01 8.77489228e-01 8.76790497e-01 8.77838593e-01 8.75858856e-01 8.77877412e-01 8.76052948e-01 8.76363495e-01 8.77256318e-01 8.77450410e-01
 8.65339078e-01 8.66115446e-01 8.66270719e-01 8.66581266e-01 8.64989713e-01 8.67668181e-01 8.64912076e-01 8.66503630e-01 8.65727262e-01 8.66464811e-01
 8.55556850e-01 8.56488490e-01 8.55712123e-01 8.55246303e-01 8.54431117e-01 8.56488490e-01 8.54159388e-01 8.56177943e-01 8.55091029e-01 8.56333217e-01
 8.44920616e-01 8.46162804e-01 8.45502892e-01 8.45153527e-01 8.43911339e-01 8.45929894e-01 8.42940880e-01 8.45308800e-01 8.44066612e-01 8.45658165e-01
 8.34051473e-01 8.35216024e-01 8.35604208e-01 8.34827841e-01 8.33585653e-01 8.35798300e-01 8.33546834e-01 8.35216024e-01 8.33546834e-01 8.35720663e-01
 8.23415240e-01 8.24773883e-01 8.24113971e-01 8.23454058e-01 8.22405963e-01 8.24929156e-01 8.23221148e-01 8.25200885e-01 8.24308063e-01 8.24851520e-01
 8.12468460e-01 8.14331742e-01 8.13438919e-01 8.13943558e-01 8.12313187e-01 8.14215287e-01 8.12041458e-01 8.14060013e-01 8.12662552e-01 8.14331742e-01
 8.02298047e-01 8.04394239e-01 8.02530958e-01 8.04549513e-01 8.02259229e-01 8.03617872e-01 8.01676954e-01 8.03773145e-01 8.02220411e-01 8.04277784e-01
 7.91234812e-01 7.93913280e-01 7.92282908e-01 7.93020457e-01 7.91118357e-01 7.93796825e-01 7.90691355e-01 7.93253367e-01 7.92942821e-01 7.93525096e-01
 7.80986763e-01 7.82888863e-01 7.81491402e-01 7.81957222e-01 7.80637398e-01 7.83704049e-01 7.80947945e-01 7.82966500e-01 7.82112496e-01 7.82811226e-01
 7.71359807e-01 7.72252630e-01 7.71592718e-01 7.71864446e-01 7.70039983e-01 7.73261908e-01 7.70117620e-01 7.72524359e-01 7.71243352e-01 7.71903265e-01
 7.60607119e-01 7.61577579e-01 7.60257754e-01 7.61538760e-01 7.60218936e-01 7.62276309e-01 7.59481387e-01 7.62586856e-01 7.61111758e-01 7.62043399e-01
 7.50824890e-01 7.51640076e-01 7.50514343e-01 7.50669617e-01 7.49621521e-01 7.52067078e-01 7.48845154e-01 7.52261170e-01 7.51329529e-01 7.51678894e-01
 7.40421567e-01 7.40343931e-01 7.38985288e-01 7.40887388e-01 7.40343931e-01 7.41586119e-01 7.38014829e-01 7.41780210e-01 7.40576841e-01 7.41508482e-01
 7.29164241e-01 7.30484065e-01 7.29125422e-01 7.30057063e-01 7.29746516e-01 7.31338069e-01 7.27844416e-01 7.30988704e-01 7.30755794e-01 7.31260432e-01
 7.18799736e-01 7.20274834e-01 7.18528007e-01 7.19614922e-01 7.19886650e-01 7.20468926e-01 7.17247001e-01 7.21128838e-01 7.19886650e-01 7.21012383e-01
 7.08124685e-01 7.10259695e-01 7.08085866e-01 7.08823415e-01 7.08978689e-01 7.09987966e-01 7.06921315e-01 7.10492605e-01 7.09095144e-01 7.10298513e-01
 6.98420092e-01 7.00011646e-01 6.96750903e-01 6.98420092e-01 6.97876635e-01 7.00593921e-01 6.96129809e-01 6.99312915e-01 6.98575366e-01 6.99662280e-01
 6.87977951e-01 6.89258957e-01 6.86735763e-01 6.88016770e-01 6.87745041e-01 6.90307053e-01 6.85881759e-01 6.89375412e-01 6.87473312e-01 6.89608323e-01
 6.78195722e-01 6.78700361e-01 6.76798261e-01 6.78001630e-01 6.77302900e-01 6.80253096e-01 6.75556073e-01 6.79243818e-01 6.76798261e-01 6.80214277e-01
 6.66783122e-01 6.67792399e-01 6.66394938e-01 6.67132487e-01 6.67132487e-01 6.69888591e-01 6.65230387e-01 6.69073406e-01 6.67171305e-01 6.69151042e-01
 6.55719887e-01 6.57971352e-01 6.55059974e-01 6.56612709e-01 6.56612709e-01 6.59601724e-01 6.54671791e-01 6.59097085e-01 6.55642250e-01 6.58941811e-01
 6.45665929e-01 6.47218664e-01 6.45821203e-01 6.45549474e-01 6.45588292e-01 6.49741858e-01 6.44229649e-01 6.48616125e-01 6.45898839e-01 6.48577307e-01
 6.35262606e-01 6.36000155e-01 6.35844882e-01 6.36038974e-01 6.34486239e-01 6.38833896e-01 6.34020418e-01 6.38639804e-01 6.35883700e-01 6.38795078e-01
 6.25131012e-01 6.26179108e-01 6.25092194e-01 6.25441559e-01 6.24665192e-01 6.27770661e-01 6.23733551e-01 6.28236482e-01 6.25131012e-01 6.28236482e-01
 6.14417142e-01 6.15931059e-01 6.14882963e-01 6.14844144e-01 6.14455961e-01 6.17794340e-01 6.12670316e-01 6.17794340e-01 6.15077054e-01 6.16746244e-01
 6.03936183e-01 6.04518458e-01 6.03780909e-01 6.05294826e-01 6.03586817e-01 6.06342921e-01 6.03353907e-01 6.07041652e-01 6.04285548e-01 6.06847560e-01
 5.93959862e-01 5.94503319e-01 5.93921043e-01 5.93882225e-01 5.93144676e-01 5.95667870e-01 5.93494041e-01 5.96948876e-01 5.94348045e-01 5.97453515e-01
 5.82896627e-01 5.84371725e-01 5.82624898e-01 5.83711812e-01 5.82120259e-01 5.86623190e-01 5.82547261e-01 5.85575094e-01 5.84565817e-01 5.87283102e-01
 5.72959124e-01 5.72842669e-01 5.73153216e-01 5.72920306e-01 5.72338030e-01 5.76181049e-01 5.72648577e-01 5.76103412e-01 5.73774310e-01 5.76763324e-01
 5.62051163e-01 5.62361710e-01 5.61895889e-01 5.61624161e-01 5.61779434e-01 5.65932999e-01 5.62633438e-01 5.65932999e-01 5.62982803e-01 5.66010636e-01
 5.52424207e-01 5.52967664e-01 5.52036023e-01 5.51414930e-01 5.51298474e-01 5.55335585e-01 5.51958387e-01 5.54986219e-01 5.52424207e-01 5.55801405e-01
 5.42137339e-01 5.43107799e-01 5.41593882e-01 5.40739878e-01 5.40584605e-01 5.44582897e-01 5.41671519e-01 5.44311168e-01 5.42176158e-01 5.45320446e-01
 5.31656380e-01 5.32432747e-01 5.31268196e-01 5.29948372e-01 5.30414192e-01 5.34839486e-01 5.31035286e-01 5.34567757e-01 5.31617561e-01 5.34606576e-01
 5.21253057e-01 5.22378790e-01 5.21408330e-01 5.19894414e-01 5.20360234e-01 5.25096075e-01 5.20088506e-01 5.23426886e-01 5.22029424e-01 5.24436163e-01
 5.10888552e-01 5.11160281e-01 5.11005008e-01 5.09374636e-01 5.10228640e-01 5.14382206e-01 5.10461550e-01 5.12907108e-01 5.11082644e-01 5.13955204e-01
 5.00407593e-01 5.01183960e-01 5.01416870e-01 4.99281860e-01 4.99087768e-01 5.03707154e-01 4.99359497e-01 5.03474244e-01 5.00368775e-01 5.04172975e-01
 4.90043088e-01 4.91130003e-01 4.91091184e-01 4.89072629e-01 4.89965452e-01 4.93614378e-01 4.88800901e-01 4.92566282e-01 4.89926633e-01 4.93730833e-01
 4.79135127e-01 4.79368037e-01 4.80726680e-01 4.79057490e-01 4.79251582e-01 4.83211055e-01 4.78941035e-01 4.82473506e-01 4.79717402e-01 4.82706417e-01
 4.68227165e-01 4.70517449e-01 4.70168084e-01 4.68925896e-01 4.69546990e-01 4.73079461e-01 4.68654167e-01 4.72264275e-01 4.69469353e-01 4.73428827e-01
 4.57629750e-01 4.60230581e-01 4.60968130e-01 4.58639028e-01 4.58289663e-01 4.63452506e-01 4.57862661e-01 4.61783316e-01 4.58716665e-01 4.63180777e-01
 4.47886340e-01 4.49633166e-01 4.51418811e-01 4.47265246e-01 4.48158068e-01 4.52893909e-01 4.46566515e-01 4.50875354e-01 4.48507434e-01 4.53204456e-01
 4.37832382e-01 4.39307480e-01 4.40239121e-01 4.38181748e-01 4.38259384e-01 4.42684678e-01 4.37056015e-01 4.40627305e-01 4.38531113e-01 4.43422227e-01
 4.26691510e-01 4.28748884e-01 4.29952253e-01 4.26225690e-01 4.28321882e-01 4.32669539e-01 4.26691510e-01 4.30883894e-01 4.27661970e-01 4.32320174e-01
 4.16404643e-01 4.18850200e-01 4.19510112e-01 4.16676371e-01 4.17375102e-01 4.21878033e-01 4.16327006e-01 4.20480571e-01 4.17646830e-01 4.22421490e-01
 4.07127053e-01 4.08446877e-01 4.09223244e-01 4.06234230e-01 4.06971779e-01 4.12056985e-01 4.05224952e-01 4.10310159e-01 4.07592873e-01 4.12095804e-01
 3.96995458e-01 3.98043554e-01 3.98625830e-01 3.96141454e-01 3.96995458e-01 4.01770118e-01 3.95248632e-01 4.00605567e-01 3.97228368e-01 4.01537207e-01
 3.86669772e-01 3.87368503e-01 3.88183689e-01 3.85932223e-01 3.86553317e-01 3.91405613e-01 3.85544039e-01 3.89581150e-01 3.86902682e-01 3.92492527e-01
 3.76421723e-01 3.77198090e-01 3.77702729e-01 3.75063080e-01 3.76693451e-01 3.81468111e-01 3.74713715e-01 3.79760102e-01 3.76538178e-01 3.81856294e-01
 3.66872404e-01 3.67609953e-01 3.67571135e-01 3.63961026e-01 3.66173673e-01 3.70133147e-01 3.65125577e-01 3.69201506e-01 3.66367765e-01 3.70948333e-01
 3.56624355e-01 3.57594814e-01 3.57788906e-01 3.54722255e-01 3.55770351e-01 3.60545010e-01 3.54722255e-01 3.59458096e-01 3.55886806e-01 3.60816738e-01
 3.45716393e-01 3.47579675e-01 3.47113854e-01 3.44357750e-01 3.45755211e-01 3.50840418e-01 3.45250573e-01 3.49637048e-01 3.45095299e-01 3.51616785e-01
 3.36167074e-01 3.37875082e-01 3.36283529e-01 3.33488607e-01 3.35390707e-01 3.40010093e-01 3.35429525e-01 3.39971274e-01 3.35662435e-01 3.40631187e-01
 3.26346027e-01 3.26190753e-01 3.25492023e-01 3.23395831e-01 3.25220294e-01 3.29956135e-01 3.24715655e-01 3.28946858e-01 3.25530841e-01 3.30344319e-01
 3.15709794e-01 3.16796708e-01 3.15748612e-01 3.13264237e-01 3.15166337e-01 3.19475176e-01 3.14118241e-01 3.18232988e-01 3.14700516e-01 3.20329180e-01
 3.05888747e-01 3.06665114e-01 3.05888747e-01 3.03287916e-01 3.04879469e-01 3.09188308e-01 3.03831373e-01 3.07713210e-01 3.04879469e-01 3.09615310e-01
 2.94592601e-01 2.96417065e-01 2.95407787e-01 2.93777415e-01 2.94670238e-01 2.98901440e-01 2.93622142e-01 2.97503979e-01 2.94320873e-01 2.99794263e-01
 2.84422189e-01 2.86285470e-01 2.85276193e-01 2.83801095e-01 2.83878731e-01 2.88614572e-01 2.83529366e-01 2.86673654e-01 2.84732736e-01 2.89546213e-01
 2.74057684e-01 2.75804511e-01 2.74484686e-01 2.73242498e-01 2.73475409e-01 2.78094794e-01 2.73397772e-01 2.77279609e-01 2.74445868e-01 2.78288886e-01
 2.64314274e-01 2.66099918e-01 2.65168278e-01 2.63499088e-01 2.63615543e-01 2.68429021e-01 2.62528629e-01 2.67186833e-01 2.63343814e-01 2.68157292e-01
 2.53755677e-01 2.55463685e-01 2.54493226e-01 2.53406312e-01 2.53561585e-01 2.58413881e-01 2.52746400e-01 2.56977602e-01 2.53134583e-01 2.58413881e-01
 2.44167540e-01 2.44672179e-01 2.44089903e-01 2.43507628e-01 2.43313536e-01 2.48631652e-01 2.42692442e-01 2.46224914e-01 2.43080626e-01 2.47971740e-01
 2.33919491e-01 2.34268856e-01 2.33841854e-01 2.32871395e-01 2.33026668e-01 2.37451962e-01 2.31978572e-01 2.36986142e-01 2.32560848e-01 2.38150693e-01
 2.22972711e-01 2.24176080e-01 2.23865533e-01 2.21963433e-01 2.24253717e-01 2.26932184e-01 2.22157525e-01 2.26311090e-01 2.22545709e-01 2.27087458e-01
 2.12685843e-01 2.13423392e-01 2.13268118e-01 2.12608206e-01 2.14044486e-01 2.17305229e-01 2.12336478e-01 2.16295951e-01 2.11754202e-01 2.18314506e-01
 2.03020069e-01 2.03252979e-01 2.03136524e-01 2.02166065e-01 2.03408253e-01 2.06979543e-01 2.01234424e-01 2.05814992e-01 2.02515430e-01 2.07561818e-01
 1.94674120e-01 1.92966112e-01 1.93004930e-01 1.91529832e-01 1.93742479e-01 1.97585497e-01 1.91180467e-01 1.95955126e-01 1.91685105e-01 1.98245410e-01
 1.83455611e-01 1.82718062e-01 1.82756881e-01 1.80854780e-01 1.83688521e-01 1.87337448e-01 1.82096968e-01 1.85551803e-01 1.82096968e-01 1.87958542e-01
 1.73983929e-01 1.71771282e-01 1.72275921e-01 1.71150188e-01 1.72625286e-01 1.77749311e-01 1.71266643e-01 1.75070844e-01 1.71111370e-01 1.77555219e-01
 1.64007608e-01 1.61756143e-01 1.62843057e-01 1.61717325e-01 1.62843057e-01 1.67035441e-01 1.61212686e-01 1.64978068e-01 1.62066690e-01 1.67151896e-01
 1.53837196e-01 1.51973914e-01 1.52129188e-01 1.51508094e-01 1.53332557e-01 1.57486122e-01 1.50576453e-01 1.55118202e-01 1.51896277e-01 1.57175575e-01
 1.43472691e-01 1.42036412e-01 1.42618687e-01 1.41803501e-01 1.42890416e-01 1.47781530e-01 1.40134312e-01 1.44132604e-01 1.41260044e-01 1.47238073e-01
 1.33651644e-01 1.31982454e-01 1.32176546e-01 1.30390901e-01 1.32952913e-01 1.37106479e-01 1.29769807e-01 1.34428011e-01 1.30623811e-01 1.36563022e-01
 1.24063507e-01 1.22006133e-01 1.22122588e-01 1.19909941e-01 1.23597686e-01 1.27324250e-01 1.19250029e-01 1.23636505e-01 1.20647490e-01 1.25771515e-01
 1.13931913e-01 1.12495633e-01 1.11563992e-01 1.09273708e-01 1.13194364e-01 1.16998564e-01 1.09001980e-01 1.13660184e-01 1.10244168e-01 1.15601102e-01
 1.02791041e-01 1.02829859e-01 1.00733667e-01 9.89092038e-02 1.02674586e-01 1.06051784e-01 9.88315671e-02 1.03877955e-01 1.00267847e-01 1.06517604e-01
 9.25429913e-02 9.27759016e-02 9.03691627e-02 8.86611545e-02 9.31252669e-02 9.59590078e-02 8.90105198e-02 9.34746322e-02 8.99809790e-02 9.63083731e-02
