 0.0000000000000000e+00
 2.8766345923005204e-01
 5.6024422671142982e-01
 8.5025920670723720e-01
 1.1347568732545654e+00
 1.4030808093399516e+00
 1.6973613012297750e+00
 2.0200390325077433e+00
 2.3443968151303047e+00
 2.6329987054155821e+00
 2.9350088992877317e+00
 3.2482956757067658e+00
 3.5554657227462947e+00
 3.8628741483771902e+00
 4.1959154133019423e+00
 4.5142653536323873e+00
 4.8206126600785888e+00
 5.1391231794052761e+00
 5.4912645553698658e+00
 5.8436551000077044e+00
 6.1874014009415763e+00
 6.5441074866824920e+00
 6.9212121122489840e+00
 7.2811598421487203e+00
 7.6272711091043464e+00
 7.9863821040287739e+00
 8.3465403063502155e+00
 8.7184237503351358e+00
 9.1033872208145841e+00
 9.4581006175632840e+00
 9.8547586209554829e+00
 1.0242205721723055e+01
 1.0672961253761445e+01
 1.1073780201602611e+01
 1.1492901790901232e+01
 1.1899238378882821e+01
 1.2310117177598094e+01
 1.2757459126767221e+01
 1.3179576359589269e+01
 1.3632548536012482e+01
 1.4041245401272262e+01
 1.4485428724585137e+01
 1.4925991205532187e+01
 1.5379100509646179e+01
 1.5807238726386275e+01
 1.6289792632096812e+01
 1.6764008915171971e+01
 1.7253363750837472e+01
 1.7729370866472106e+01
 1.8267384913263005e+01
 1.8778590164177071e+01
 1.9323936713983400e+01
 1.9883297015717996e+01
 2.0450239866669214e+01
 2.1036502428549081e+01
 2.1665544590659849e+01
 2.2262539940361290e+01
 2.2855463667878482e+01
 2.3436922667286012e+01
 2.4062679247231721e+01
 2.4677940820727752e+01
 2.5348508359357190e+01
 2.5977914672811721e+01
 2.6728280441635025e+01
 2.7439052859935096e+01
 2.8174610551614791e+01
 2.8928751085842212e+01
 2.9720077157517572e+01
 3.0563072863384939e+01
 3.1368888641271607e+01
 3.2217013431143492e+01
 3.3120036403718508e+01
 3.4038565861134870e+01
 3.5022298909575234e+01
 3.6016757910365698e+01
 3.7085688679446470e+01
 3.8207701127843734e+01
 3.9409587886434792e+01
 4.0599080965405136e+01
 4.1816414953525204e+01
 4.3039786047036173e+01
 4.4374039396717031e+01
 4.5711291921086044e+01
 4.7146824404674902e+01
 4.8646965605125857e+01
 5.0284341673833701e+01
 5.1950814190646462e+01
 5.3820561230750606e+01
 5.5751089683168892e+01
 5.8054570579067537e+01
 6.0273492760315449e+01
 6.2947410109952401e+01
 6.6046315448863609e+01
 6.9569065086498966e+01
 7.3372457950342195e+01
 7.8088869363483852e+01
 8.3380388611725195e+01
 9.0528375126944852e+01
 1.0116817897003345e+02
 1.1934338921462025e+02
 3.0856379093239656e+02
