   1.1500000000000000e+02
   1.2800000000000000e+02
   1.6800000000000000e+02
   1.6600000000000000e+02
   2.1100000000000000e+02
   1.7500000000000000e+02
   1.9400000000000000e+02
   2.1700000000000000e+02
   2.0700000000000000e+02
   2.0800000000000000e+02
   2.2500000000000000e+02
   2.0600000000000000e+02
   2.2700000000000000e+02
   2.4000000000000000e+02
   2.4100000000000000e+02
   2.4000000000000000e+02
   2.4900000000000000e+02
   2.7200000000000000e+02
   2.4900000000000000e+02
   2.6300000000000000e+02
   2.8300000000000000e+02
   2.4500000000000000e+02
   2.8000000000000000e+02
   2.6000000000000000e+02
   2.6500000000000000e+02
   2.5100000000000000e+02
   2.6800000000000000e+02
   2.5700000000000000e+02
   2.6000000000000000e+02
   2.5100000000000000e+02
   2.6100000000000000e+02
   2.7400000000000000e+02
   2.4800000000000000e+02
   2.5800000000000000e+02
   2.4900000000000000e+02
   2.6000000000000000e+02
   2.5400000000000000e+02
   2.4300000000000000e+02
   2.5800000000000000e+02
   2.3900000000000000e+02
   2.4200000000000000e+02
   2.5800000000000000e+02
   2.6600000000000000e+02
   2.3900000000000000e+02
   2.7600000000000000e+02
   2.7000000000000000e+02
   2.6300000000000000e+02
   2.7000000000000000e+02
   2.5500000000000000e+02
   2.4800000000000000e+02
   2.4000000000000000e+02
   2.6900000000000000e+02
   2.5100000000000000e+02
   2.5300000000000000e+02
   2.5400000000000000e+02
   2.6600000000000000e+02
   2.6300000000000000e+02
   2.5600000000000000e+02
   2.5100000000000000e+02
   2.3700000000000000e+02
   2.5600000000000000e+02
   2.6800000000000000e+02
   2.4700000000000000e+02
   2.5400000000000000e+02
   2.6300000000000000e+02
   2.5600000000000000e+02
   2.3900000000000000e+02
   2.5800000000000000e+02
   2.6500000000000000e+02
   2.6800000000000000e+02
   2.6300000000000000e+02
   2.5000000000000000e+02
   2.4400000000000000e+02
   2.6000000000000000e+02
   2.4700000000000000e+02
   2.7700000000000000e+02
   2.5700000000000000e+02
   2.4900000000000000e+02
   2.6800000000000000e+02
   2.5100000000000000e+02
   2.3900000000000000e+02
   2.4600000000000000e+02
   2.4900000000000000e+02
   2.5800000000000000e+02
   2.6100000000000000e+02
   2.6200000000000000e+02
   2.6800000000000000e+02
   2.5400000000000000e+02
   2.4700000000000000e+02
   2.7100000000000000e+02
   2.6400000000000000e+02
   2.5000000000000000e+02
   2.5400000000000000e+02
   2.4900000000000000e+02
   2.4600000000000000e+02
   2.5600000000000000e+02
   2.5600000000000000e+02
   2.5200000000000000e+02
   2.5800000000000000e+02
   2.4400000000000000e+02
