   1.5000000000000000e+01
   2.1000000000000000e+01
   1.8000000000000000e+01
   2.1000000000000000e+01
   2.1000000000000000e+01
   2.5000000000000000e+01
   2.7000000000000000e+01
   2.3000000000000000e+01
   2.7000000000000000e+01
   2.2000000000000000e+01
   1.1000000000000000e+01
   3.2000000000000000e+01
   4.0000000000000000e+01
   3.3000000000000000e+01
   3.5000000000000000e+01
   3.3000000000000000e+01
   3.3000000000000000e+01
   2.7000000000000000e+01
   3.2000000000000000e+01
   4.5000000000000000e+01
   4.0000000000000000e+01
   2.8000000000000000e+01
   3.9000000000000000e+01
   4.1000000000000000e+01
   5.1000000000000000e+01
   3.9000000000000000e+01
   5.1000000000000000e+01
   4.8000000000000000e+01
   4.8000000000000000e+01
   4.6000000000000000e+01
   4.6000000000000000e+01
   5.7000000000000000e+01
   5.6000000000000000e+01
   5.2000000000000000e+01
   4.6000000000000000e+01
   5.5000000000000000e+01
   5.5000000000000000e+01
   5.6000000000000000e+01
   5.7000000000000000e+01
   5.9000000000000000e+01
   5.1000000000000000e+01
   5.0000000000000000e+01
   5.9000000000000000e+01
   5.8000000000000000e+01
   5.0000000000000000e+01
   5.7000000000000000e+01
   6.7000000000000000e+01
   6.9000000000000000e+01
   6.4000000000000000e+01
   6.0000000000000000e+01
   8.7000000000000000e+01
   5.3000000000000000e+01
   5.4000000000000000e+01
   6.8000000000000000e+01
   7.9000000000000000e+01
   7.2000000000000000e+01
   8.9000000000000000e+01
   5.5000000000000000e+01
   6.9000000000000000e+01
   7.2000000000000000e+01
   6.9000000000000000e+01
   7.0000000000000000e+01
   7.1000000000000000e+01
   7.5000000000000000e+01
   7.6000000000000000e+01
   5.9000000000000000e+01
   7.1000000000000000e+01
   6.4000000000000000e+01
   9.5000000000000000e+01
   7.2000000000000000e+01
   8.6000000000000000e+01
   5.7000000000000000e+01
   8.6000000000000000e+01
   8.1000000000000000e+01
   7.8000000000000000e+01
   8.6000000000000000e+01
   7.6000000000000000e+01
   8.7000000000000000e+01
   7.9000000000000000e+01
   7.7000000000000000e+01
   6.7000000000000000e+01
   8.0000000000000000e+01
   9.5000000000000000e+01
   1.0100000000000000e+02
   7.5000000000000000e+01
   1.0900000000000000e+02
   9.0000000000000000e+01
   1.0300000000000000e+02
   9.4000000000000000e+01
   1.2300000000000000e+02
   1.1000000000000000e+02
   8.1000000000000000e+01
   9.5000000000000000e+01
   1.0200000000000000e+02
   1.1700000000000000e+02
   1.2100000000000000e+02
   1.1700000000000000e+02
   1.0800000000000000e+02
   1.1500000000000000e+02
   1.2900000000000000e+02
