   0.0000000000000000e+00
   2.8630042723538274e-01
   5.4601565260139950e-01
   8.1841172589858668e-01
   1.1108798020523598e+00
   1.4103249300213847e+00
   1.7145474155575491e+00
   2.0086720097983801e+00
   2.3117633613896373e+00
   2.6068968388177884e+00
   2.9194243059814702e+00
   3.2219782718064098e+00
   3.5293517416966536e+00
   3.8335310376981653e+00
   4.1627828516424543e+00
   4.4902878529726307e+00
   4.8364077964008692e+00
   5.1497721297268466e+00
   5.4769281639537972e+00
   5.8137078977558740e+00
   6.1634245953779612e+00
   6.5335356484760938e+00
   6.8688391551319530e+00
   7.2005583518543457e+00
   7.5667713674836161e+00
   7.9517809738398295e+00
   8.3128844373992621e+00
   8.6909114996745593e+00
   9.0602019662729898e+00
   9.4516952698421228e+00
   9.8536308363725897e+00
   1.0241130508102771e+01
   1.0627030739893659e+01
   1.1029060544237673e+01
   1.1464983421533015e+01
   1.1886339474623281e+01
   1.2286003444351751e+01
   1.2742699150728608e+01
   1.3224935591361223e+01
   1.3681558870022949e+01
   1.4127177898857139e+01
   1.4547781079459773e+01
   1.4981485448808504e+01
   1.5478650735905616e+01
   1.5906062987949907e+01
   1.6378576874408346e+01
   1.6849522642613305e+01
   1.7366633834976405e+01
   1.7864827214479398e+01
   1.8411440001104854e+01
   1.8923628750489293e+01
   1.9437001159552473e+01
   2.0019012539891229e+01
   2.0587406305511490e+01
   2.1142216551267747e+01
   2.1749570102541956e+01
   2.2339942603100120e+01
   2.2952858933529509e+01
   2.3549248124116634e+01
   2.4191809802233571e+01
   2.4813277922297129e+01
   2.5497081307259688e+01
   2.6123033536118740e+01
   2.6777630895264174e+01
   2.7522616234236267e+01
   2.8241921161573746e+01
   2.9013470957287947e+01
   2.9796008756610043e+01
   3.0634808545166052e+01
   3.1462057331342603e+01
   3.2369440325919712e+01
   3.3296553526549445e+01
   3.4252594355123534e+01
   3.5204948127448816e+01
   3.6085871739281586e+01
   3.7233841442260484e+01
   3.8337689783027550e+01
   3.9415065960666915e+01
   4.0558357028816495e+01
   4.1725229935404933e+01
   4.3040419453904114e+01
   4.4301761424989131e+01
   4.5667452270299385e+01
   4.7175294117738318e+01
   4.8895203484826183e+01
   5.0493241592962917e+01
   5.2314503700338875e+01
   5.4200890785224594e+01
   5.6263061133535111e+01
   5.8458335842017419e+01
   6.1013269750924991e+01
   6.3860512910485873e+01
   6.7027685636470437e+01
   7.0407466548466459e+01
   7.4602226921660531e+01
   7.9567581440007061e+01
   8.5690588387253854e+01
   9.3127259555888912e+01
   1.0325782066563556e+02
   1.2194232558729905e+02
   2.6568602904858699e+02
