 0.00000000e+00
 2.94039137e+01
 3.23402785e+02
 6.17401656e+02
 9.11400527e+02
 1.20540946e+03
 1.49940833e+03
 1.79340721e+03
 2.08740608e+03
 2.38140495e+03
 2.67540382e+03
 2.96940269e+03
 3.26340156e+03
 3.55740043e+03
 3.85140937e+03
 4.14540824e+03
 4.43940711e+03
 4.73340598e+03
 5.02740485e+03
 5.32140372e+03
 5.61540259e+03
 5.90940147e+03
 6.20340034e+03
 6.49740927e+03
 6.79140815e+03
 7.08540702e+03
 7.37940589e+03
 7.67340476e+03
 7.96740363e+03
 8.26140250e+03
 8.55540137e+03
 8.84940024e+03
 9.14340918e+03
 9.43740805e+03
 9.73140692e+03
 1.00254058e+04
 1.03194047e+04
 1.06134035e+04
 1.09074024e+04
 1.12014013e+04
 1.14954001e+04
 1.17894091e+04
 1.20834080e+04
 1.23774068e+04
 1.26714057e+04
 1.29654046e+04
 1.32594034e+04
 1.35534023e+04
 1.38474012e+04
 1.41414001e+04
 1.44354090e+04
 1.47294079e+04
 1.50234067e+04
 1.53174056e+04
 1.56114045e+04
 1.59054033e+04
 1.61994022e+04
 1.64934011e+04
 1.67874100e+04
 1.70814089e+04
 1.73754078e+04
