 1.00000000e+00 1.00000000e+00 1.00000000e+00 1.00000000e+00 1.00000000e+00 1.00000000e+00 1.00000000e+00 1.00000000e+00 1.00000000e+00 1.00000000e+00
 1.00000000e+00 1.00000000e+00 1.00000000e+00 1.00000000e+00 1.00000000e+00 1.00000000e+00 1.00000000e+00 1.00000000e+00 1.00000000e+00 1.00000000e+00
 1.00000000e+00 1.00000000e+00 1.00000000e+00 1.00000000e+00 1.00000000e+00 1.00000000e+00 1.00000000e+00 1.00000000e+00 1.00000000e+00 1.00000000e+00
 9.97437988e-01 9.97593261e-01 9.97437988e-01 9.96972167e-01 9.97476806e-01 9.97243896e-01 9.96933349e-01 9.97205077e-01 9.97166259e-01 9.97243896e-01
 9.86685299e-01 9.86335934e-01 9.86413571e-01 9.87112302e-01 9.87345212e-01 9.86685299e-01 9.86568844e-01 9.86995846e-01 9.86258297e-01 9.86840573e-01
 9.71701409e-01 9.71895501e-01 9.71973138e-01 9.71973138e-01 9.71584954e-01 9.72555413e-01 9.73137689e-01 9.71623772e-01 9.71002678e-01 9.71856683e-01
 9.60676992e-01 9.60987539e-01 9.60987539e-01 9.61181631e-01 9.61414541e-01 9.61763907e-01 9.61802725e-01 9.61608633e-01 9.60715811e-01 9.61763907e-01
 9.53029774e-01 9.52913319e-01 9.54194325e-01 9.53417957e-01 9.54077870e-01 9.54388417e-01 9.55242421e-01 9.54000233e-01 9.52913319e-01 9.53806141e-01
 9.45809557e-01 9.46780016e-01 9.47245837e-01 9.46702380e-01 9.47634020e-01 9.46624743e-01 9.48255114e-01 9.45887194e-01 9.46042467e-01 9.47634020e-01
 9.37075424e-01 9.38744614e-01 9.39055161e-01 9.37308334e-01 9.38666977e-01 9.37851791e-01 9.39365708e-01 9.37851791e-01 9.38162338e-01 9.38628159e-01
 9.26594465e-01 9.27021467e-01 9.28186018e-01 9.27720197e-01 9.28729475e-01 9.27409650e-01 9.27914289e-01 9.26943830e-01 9.27681379e-01 9.27293195e-01
 9.14871317e-01 9.13240946e-01 9.15220682e-01 9.14948954e-01 9.15880595e-01 9.15414774e-01 9.16113505e-01 9.15181864e-01 9.14405497e-01 9.15220682e-01
 9.02759986e-01 9.02216529e-01 9.03419898e-01 9.03963355e-01 9.04662086e-01 9.04584449e-01 9.03613990e-01 9.03575172e-01 9.02837623e-01 9.02992896e-01
 8.91619114e-01 8.91347386e-01 8.93365941e-01 8.93831761e-01 8.94530492e-01 8.94064671e-01 8.92434300e-01 8.93870580e-01 8.92589573e-01 8.92628392e-01
 8.81409883e-01 8.79663057e-01 8.82147432e-01 8.82341524e-01 8.83079073e-01 8.83040255e-01 8.80788789e-01 8.82302706e-01 8.81953340e-01 8.80905244e-01
 8.69492644e-01 8.67784636e-01 8.69880828e-01 8.69997283e-01 8.69609099e-01 8.71821746e-01 8.69026823e-01 8.70890105e-01 8.69415007e-01 8.68716277e-01
 8.58157680e-01 8.55013392e-01 8.58080043e-01 8.56488490e-01 8.58856411e-01 8.60292691e-01 8.57497768e-01 8.58778774e-01 8.57070766e-01 8.56449672e-01
 8.45619347e-01 8.42164512e-01 8.45425255e-01 8.43794884e-01 8.46085168e-01 8.47521447e-01 8.44959435e-01 8.46434533e-01 8.43872520e-01 8.43057335e-01
 8.32615194e-01 8.29354451e-01 8.32654012e-01 8.31101277e-01 8.32421102e-01 8.34323202e-01 8.31877645e-01 8.34362020e-01 8.31994100e-01 8.31140095e-01
 8.19028764e-01 8.15069291e-01 8.19339311e-01 8.18485307e-01 8.19222856e-01 8.22017779e-01 8.19766313e-01 8.21047320e-01 8.19572222e-01 8.18291215e-01
 8.06645705e-01 8.02569776e-01 8.06490431e-01 8.06335158e-01 8.06878615e-01 8.08043166e-01 8.06800978e-01 8.07849074e-01 8.06956252e-01 8.05209425e-01
 7.92671092e-01 7.89216257e-01 7.93990917e-01 7.92049998e-01 7.93408641e-01 7.94456737e-01 7.93680370e-01 7.94534374e-01 7.92166453e-01 7.92438182e-01
 7.79162300e-01 7.75979193e-01 7.80909126e-01 7.78929389e-01 7.79861030e-01 7.81801949e-01 7.79162300e-01 7.81258492e-01 7.78153022e-01 7.79511665e-01
 7.64915958e-01 7.61383487e-01 7.68021428e-01 7.64450138e-01 7.66740422e-01 7.68797795e-01 7.65769962e-01 7.66546330e-01 7.64993595e-01 7.64683048e-01
 7.50902527e-01 7.47408874e-01 7.53619813e-01 7.50669617e-01 7.51057801e-01 7.54939637e-01 7.52532899e-01 7.53076356e-01 7.51989441e-01 7.51795350e-01
 7.37160825e-01 7.34171810e-01 7.39334653e-01 7.36617367e-01 7.38131284e-01 7.41469663e-01 7.38170102e-01 7.39412290e-01 7.37393735e-01 7.37859555e-01
 7.24040216e-01 7.20313652e-01 7.26175226e-01 7.22720391e-01 7.24738946e-01 7.27883234e-01 7.24506036e-01 7.25592951e-01 7.23690851e-01 7.23535577e-01
 7.10182058e-01 7.06144948e-01 7.12433524e-01 7.08862234e-01 7.10609060e-01 7.12899344e-01 7.10065603e-01 7.12782889e-01 7.08357595e-01 7.08629323e-01
 6.95120531e-01 6.91626878e-01 6.98885913e-01 6.94188890e-01 6.95586351e-01 6.98730639e-01 6.96634447e-01 6.98070727e-01 6.93101976e-01 6.95198168e-01
 6.80059004e-01 6.78118085e-01 6.84717208e-01 6.79282637e-01 6.81340010e-01 6.83397384e-01 6.82582198e-01 6.83048018e-01 6.77962812e-01 6.80951826e-01
 6.65657389e-01 6.63017740e-01 6.71441326e-01 6.65230387e-01 6.66317301e-01 6.69228679e-01 6.66977214e-01 6.68180583e-01 6.64803385e-01 6.67210124e-01
 6.51372229e-01 6.48072668e-01 6.56806801e-01 6.51255774e-01 6.52769691e-01 6.54477699e-01 6.52420325e-01 6.53778968e-01 6.50401770e-01 6.52187415e-01
 6.39144443e-01 6.33205233e-01 6.43298009e-01 6.36815341e-01 6.38173984e-01 6.39416172e-01 6.37281161e-01 6.40697178e-01 6.35495516e-01 6.37630527e-01
 6.23888824e-01 6.18842436e-01 6.28352937e-01 6.21482085e-01 6.23694732e-01 6.25286285e-01 6.22530181e-01 6.25053375e-01 6.20860991e-01 6.22685455e-01
 6.09293118e-01 6.03936183e-01 6.14067777e-01 6.05760646e-01 6.09836575e-01 6.10341213e-01 6.09176662e-01 6.10574124e-01 6.05644191e-01 6.07429836e-01
 5.94386864e-01 5.87904196e-01 5.99394433e-01 5.91630760e-01 5.95240868e-01 5.94503319e-01 5.94386864e-01 5.95900780e-01 5.90505027e-01 5.93921043e-01
 5.79597065e-01 5.72726214e-01 5.85186910e-01 5.76491596e-01 5.78548969e-01 5.81499165e-01 5.80218159e-01 5.79946431e-01 5.75637592e-01 5.79170063e-01
 5.66398820e-01 5.57548232e-01 5.69543108e-01 5.62943985e-01 5.64224991e-01 5.65195450e-01 5.64962540e-01 5.65156632e-01 5.61391250e-01 5.65001359e-01
 5.52346570e-01 5.42913707e-01 5.54132215e-01 5.48814099e-01 5.50056287e-01 5.49901013e-01 5.48542370e-01 5.49784558e-01 5.47921276e-01 5.50250378e-01
 5.37479135e-01 5.27774543e-01 5.38837778e-01 5.34063119e-01 5.34955941e-01 5.35771127e-01 5.34373666e-01 5.36042855e-01 5.33752572e-01 5.35188851e-01
 5.23659796e-01 5.13994022e-01 5.23038702e-01 5.17837040e-01 5.19739141e-01 5.20243779e-01 5.19428594e-01 5.21680059e-01 5.20243779e-01 5.20243779e-01
 5.08248903e-01 4.98389038e-01 5.10461550e-01 5.03978883e-01 5.06734987e-01 5.06657350e-01 5.06036256e-01 5.07161989e-01 5.05919801e-01 5.07161989e-01
 4.92527464e-01 4.83832149e-01 4.96603393e-01 4.89577268e-01 4.91324095e-01 4.91324095e-01 4.91130003e-01 4.92022825e-01 4.91362913e-01 4.92294554e-01
 4.78319941e-01 4.69391716e-01 4.81347774e-01 4.74399286e-01 4.77310663e-01 4.75330927e-01 4.76107294e-01 4.77155390e-01 4.76573114e-01 4.77038935e-01
 4.64190055e-01 4.54524281e-01 4.67450798e-01 4.61045767e-01 4.63064322e-01 4.60890493e-01 4.62326773e-01 4.62093863e-01 4.62287955e-01 4.63103140e-01
 4.49633166e-01 4.39540391e-01 4.52660999e-01 4.46566515e-01 4.48662707e-01 4.47226428e-01 4.47342883e-01 4.47925158e-01 4.48080432e-01 4.49749622e-01
 4.35969101e-01 4.25061139e-01 4.37871201e-01 4.32009627e-01 4.34105819e-01 4.31660262e-01 4.33251815e-01 4.32553084e-01 4.33445907e-01 4.36007919e-01
 4.21295757e-01 4.10504251e-01 4.23236676e-01 4.17918559e-01 4.19393657e-01 4.16404643e-01 4.17763286e-01 4.17258647e-01 4.19665386e-01 4.22227398e-01
 4.05923683e-01 3.95869726e-01 4.09844338e-01 4.03167579e-01 4.05419044e-01 4.02430030e-01 4.02003028e-01 4.02973487e-01 4.04526222e-01 4.08175148e-01
 3.91327976e-01 3.82283296e-01 3.96180273e-01 3.89775242e-01 3.91522068e-01 3.88416599e-01 3.87446140e-01 3.88067233e-01 3.89464695e-01 3.94666356e-01
 3.77003998e-01 3.67804045e-01 3.83758394e-01 3.76382904e-01 3.78867280e-01 3.73976166e-01 3.74480804e-01 3.73820892e-01 3.75179535e-01 3.80109468e-01
 3.63301114e-01 3.54334071e-01 3.70133147e-01 3.61826016e-01 3.64232755e-01 3.59302822e-01 3.61515469e-01 3.59496914e-01 3.61670743e-01 3.66484220e-01
 3.49869958e-01 3.40048911e-01 3.56119716e-01 3.47696130e-01 3.50374597e-01 3.45405846e-01 3.47385583e-01 3.45483483e-01 3.47269128e-01 3.52975428e-01
 3.36399984e-01 3.27161213e-01 3.41019370e-01 3.34691976e-01 3.36167074e-01 3.31120686e-01 3.33333333e-01 3.32013509e-01 3.32440511e-01 3.40010093e-01
 3.21571368e-01 3.13535965e-01 3.27277668e-01 3.20717363e-01 3.22697100e-01 3.18427080e-01 3.19436357e-01 3.17262529e-01 3.18659990e-01 3.26229572e-01
 3.08023757e-01 2.99173169e-01 3.14157059e-01 3.07053298e-01 3.09343581e-01 3.04103102e-01 3.05151198e-01 3.03210279e-01 3.04607740e-01 3.13730057e-01
 2.94010326e-01 2.85353829e-01 3.00492993e-01 2.93738597e-01 2.96688793e-01 2.90400217e-01 2.91681224e-01 2.89662668e-01 2.90283762e-01 3.00415357e-01
 2.80462715e-01 2.71922674e-01 2.87411203e-01 2.81627266e-01 2.83257638e-01 2.76736152e-01 2.78638252e-01 2.77007880e-01 2.76153876e-01 2.87061838e-01
 2.67730290e-01 2.58336245e-01 2.75066962e-01 2.68894841e-01 2.69748845e-01 2.63266178e-01 2.65711735e-01 2.63499088e-01 2.63499088e-01 2.74018866e-01
 2.53522767e-01 2.44749816e-01 2.60315982e-01 2.55463685e-01 2.57016420e-01 2.49408020e-01 2.51465393e-01 2.50145569e-01 2.50572571e-01 2.62062808e-01
 2.41100889e-01 2.31823299e-01 2.47700012e-01 2.42731260e-01 2.43585265e-01 2.36326230e-01 2.38189511e-01 2.37995419e-01 2.37646054e-01 2.49252746e-01
 2.27863825e-01 2.18974419e-01 2.35084042e-01 2.30464656e-01 2.28756648e-01 2.24641901e-01 2.26116999e-01 2.25146539e-01 2.26349909e-01 2.36132138e-01
 2.15170219e-01 2.06591359e-01 2.21769341e-01 2.16451225e-01 2.16101859e-01 2.11560110e-01 2.13772757e-01 2.12491751e-01 2.14471488e-01 2.23516168e-01
 2.02903614e-01 1.93393114e-01 2.10085012e-01 2.03796436e-01 2.03990528e-01 1.99332324e-01 2.00496875e-01 1.98400683e-01 2.01428516e-01 2.09890920e-01
 1.90093552e-01 1.81087691e-01 1.96925585e-01 1.91840379e-01 1.91762742e-01 1.86366989e-01 1.87842087e-01 1.86677536e-01 1.89394822e-01 1.97585497e-01
 1.78253950e-01 1.69209270e-01 1.84309615e-01 1.80466597e-01 1.80427778e-01 1.74760297e-01 1.75148480e-01 1.74915570e-01 1.76507123e-01 1.86172897e-01
 1.65405070e-01 1.56865029e-01 1.73129925e-01 1.68044719e-01 1.68859905e-01 1.62920694e-01 1.62959512e-01 1.62571329e-01 1.62959512e-01 1.74915570e-01
 1.53216102e-01 1.44559606e-01 1.61135049e-01 1.56243935e-01 1.56981484e-01 1.49994177e-01 1.51197547e-01 1.50576453e-01 1.51624549e-01 1.63968790e-01
 1.41725865e-01 1.34078646e-01 1.49101355e-01 1.44831334e-01 1.44016148e-01 1.38193393e-01 1.38503940e-01 1.38930942e-01 1.39784946e-01 1.52129188e-01
 1.30196809e-01 1.20958037e-01 1.35165560e-01 1.33612826e-01 1.31943636e-01 1.26625519e-01 1.26974885e-01 1.27246613e-01 1.27518342e-01 1.39125034e-01
 1.19909941e-01 1.08109157e-01 1.24218780e-01 1.21579131e-01 1.20686309e-01 1.14980009e-01 1.15484647e-01 1.14747098e-01 1.16998564e-01 1.27052521e-01
 1.08070339e-01 9.63083731e-02 1.12340359e-01 1.10321804e-01 1.09661892e-01 1.05003688e-01 1.03373316e-01 1.02868677e-01 1.06129420e-01 1.15717558e-01
 9.74729242e-02 8.50510462e-02 1.01432398e-01 9.94138426e-02 9.89480222e-02 9.51438221e-02 9.12231668e-02 9.21159893e-02 9.41345445e-02 1.04537867e-01
 8.70307830e-02 7.54629090e-02 8.93210667e-02 8.89328830e-02 8.83894259e-02 8.43523155e-02 7.97717480e-02 8.08198440e-02 8.38476767e-02 9.42898179e-02
 7.68215520e-02 6.57194985e-02 7.96941113e-02 7.87624704e-02 7.76755561e-02 7.34443539e-02 6.99507007e-02 7.01836109e-02 7.23186212e-02 8.40805869e-02
 6.75827802e-02 5.66748185e-02 6.85920578e-02 6.85920578e-02 6.76604169e-02 6.33515780e-02 6.01684717e-02 5.99355615e-02 6.25363922e-02 7.30173518e-02
 5.75288226e-02 4.67373161e-02 5.88874655e-02 5.99355615e-02 5.65583634e-02 5.36469858e-02 5.04638795e-02 4.98427856e-02 5.30258919e-02 6.31963045e-02
 4.82900509e-02 3.78479096e-02 4.91052366e-02 4.97651489e-02 4.66208610e-02 4.38647568e-02 4.23896588e-02 4.06040138e-02 4.45246691e-02 5.38022592e-02
 3.93230076e-02 3.02395093e-02 4.11862894e-02 4.02546485e-02 3.85078219e-02 3.58293545e-02 3.39660727e-02 3.28403400e-02 3.50918054e-02 4.37094833e-02
 3.18310625e-02 2.30192927e-02 3.24909747e-02 3.23357013e-02 3.10935135e-02 2.89196848e-02 2.67070378e-02 2.59306704e-02 2.74445868e-02 3.55964442e-02
 2.45720275e-02 1.70024456e-02 2.45332091e-02 2.49602112e-02 2.46884826e-02 2.25922907e-02 2.06513722e-02 1.92539110e-02 2.04960988e-02 2.84926827e-02
 1.87104538e-02 1.20725127e-02 1.78176313e-02 1.90986375e-02 1.81669966e-02 1.57214394e-02 1.52944373e-02 1.34311556e-02 1.40522495e-02 2.19323784e-02
 1.35476107e-02 8.54004115e-03 1.28100617e-02 1.41687046e-02 1.30041536e-02 1.06750514e-02 1.07138698e-02 8.81176973e-03 9.54931874e-03 1.63425333e-02
 8.69531462e-03 5.78393696e-03 8.77295136e-03 9.74341058e-03 8.61767789e-03 6.83203292e-03 6.94848802e-03 5.74511859e-03 6.28857575e-03 1.15290555e-02
 5.62866348e-03 3.84301852e-03 5.97802880e-03 5.66748185e-03 5.66748185e-03 4.07592873e-03 3.92065525e-03 3.26074298e-03 3.76538178e-03 8.34594930e-03
 3.76538178e-03 2.56201234e-03 3.61010830e-03 3.41601646e-03 3.33837972e-03 1.74682660e-03 2.09619192e-03 1.55273475e-03 1.74682660e-03 5.35693490e-03
 1.82446334e-03 1.04809596e-03 1.47509802e-03 1.86328170e-03 1.59155312e-03 6.98730639e-04 9.31640852e-04 4.27002057e-04 8.54004115e-04 3.41601646e-03
 1.04809596e-03 4.27002057e-04 8.92822484e-04 8.54004115e-04 7.37549008e-04 1.55273475e-04 2.71728582e-04 1.94091844e-04 3.10546951e-04 1.70800823e-03
 2.32910213e-04 1.16455107e-04 2.71728582e-04 4.65820426e-04 1.94091844e-04 3.88183689e-05 0.00000000e+00 7.76367377e-05 7.76367377e-05 5.04638795e-04
 7.76367377e-05 3.88183689e-05 3.88183689e-05 3.88183689e-05 7.76367377e-05 0.00000000e+00 0.00000000e+00 0.00000000e+00 0.00000000e+00 7.76367377e-05
 0.00000000e+00 0.00000000e+00 0.00000000e+00 0.00000000e+00 0.00000000e+00 0.00000000e+00 0.00000000e+00 0.00000000e+00 0.00000000e+00 0.00000000e+00
 0.00000000e+00 0.00000000e+00 0.00000000e+00 0.00000000e+00 0.00000000e+00 0.00000000e+00 0.00000000e+00 0.00000000e+00 0.00000000e+00 0.00000000e+00
 0.00000000e+00 0.00000000e+00 0.00000000e+00 0.00000000e+00 0.00000000e+00 0.00000000e+00 0.00000000e+00 0.00000000e+00 0.00000000e+00 0.00000000e+00
 0.00000000e+00 0.00000000e+00 0.00000000e+00 0.00000000e+00 0.00000000e+00 0.00000000e+00 0.00000000e+00 0.00000000e+00 0.00000000e+00 0.00000000e+00
 0.00000000e+00 0.00000000e+00 0.00000000e+00 0.00000000e+00 0.00000000e+00 0.00000000e+00 0.00000000e+00 0.00000000e+00 0.00000000e+00 0.00000000e+00
 0.00000000e+00 0.00000000e+00 0.00000000e+00 0.00000000e+00 0.00000000e+00 0.00000000e+00 0.00000000e+00 0.00000000e+00 0.00000000e+00 0.00000000e+00
 0.00000000e+00 0.00000000e+00 0.00000000e+00 0.00000000e+00 0.00000000e+00 0.00000000e+00 0.00000000e+00 0.00000000e+00 0.00000000e+00 0.00000000e+00
 0.00000000e+00 0.00000000e+00 0.00000000e+00 0.00000000e+00 0.00000000e+00 0.00000000e+00 0.00000000e+00 0.00000000e+00 0.00000000e+00 0.00000000e+00
 0.00000000e+00 0.00000000e+00 0.00000000e+00 0.00000000e+00 0.00000000e+00 0.00000000e+00 0.00000000e+00 0.00000000e+00 0.00000000e+00 0.00000000e+00
 0.00000000e+00 0.00000000e+00 0.00000000e+00 0.00000000e+00 0.00000000e+00 0.00000000e+00 0.00000000e+00 0.00000000e+00 0.00000000e+00 0.00000000e+00
 0.00000000e+00 0.00000000e+00 0.00000000e+00 0.00000000e+00 0.00000000e+00 0.00000000e+00 0.00000000e+00 0.00000000e+00 0.00000000e+00 0.00000000e+00
 0.00000000e+00 0.00000000e+00 0.00000000e+00 0.00000000e+00 0.00000000e+00 0.00000000e+00 0.00000000e+00 0.00000000e+00 0.00000000e+00 0.00000000e+00
 0.00000000e+00 0.00000000e+00 0.00000000e+00 0.00000000e+00 0.00000000e+00 0.00000000e+00 0.00000000e+00 0.00000000e+00 0.00000000e+00 0.00000000e+00
 0.00000000e+00 0.00000000e+00 0.00000000e+00 0.00000000e+00 0.00000000e+00 0.00000000e+00 0.00000000e+00 0.00000000e+00 0.00000000e+00 0.00000000e+00
 0.00000000e+00 0.00000000e+00 0.00000000e+00 0.00000000e+00 0.00000000e+00 0.00000000e+00 0.00000000e+00 0.00000000e+00 0.00000000e+00 0.00000000e+00
 0.00000000e+00 0.00000000e+00 0.00000000e+00 0.00000000e+00 0.00000000e+00 0.00000000e+00 0.00000000e+00 0.00000000e+00 0.00000000e+00 0.00000000e+00
 0.00000000e+00 0.00000000e+00 0.00000000e+00 0.00000000e+00 0.00000000e+00 0.00000000e+00 0.00000000e+00 0.00000000e+00 0.00000000e+00 0.00000000e+00
 0.00000000e+00 0.00000000e+00 0.00000000e+00 0.00000000e+00 0.00000000e+00 0.00000000e+00 0.00000000e+00 0.00000000e+00 0.00000000e+00 0.00000000e+00
 0.00000000e+00 0.00000000e+00 0.00000000e+00 0.00000000e+00 0.00000000e+00 0.00000000e+00 0.00000000e+00 0.00000000e+00 0.00000000e+00 0.00000000e+00
 0.00000000e+00 0.00000000e+00 0.00000000e+00 0.00000000e+00 0.00000000e+00 0.00000000e+00 0.00000000e+00 0.00000000e+00 0.00000000e+00 0.00000000e+00
 0.00000000e+00 0.00000000e+00 0.00000000e+00 0.00000000e+00 0.00000000e+00 0.00000000e+00 0.00000000e+00 0.00000000e+00 0.00000000e+00 0.00000000e+00
 0.00000000e+00 0.00000000e+00 0.00000000e+00 0.00000000e+00 0.00000000e+00 0.00000000e+00 0.00000000e+00 0.00000000e+00 0.00000000e+00 0.00000000e+00
 0.00000000e+00 0.00000000e+00 0.00000000e+00 0.00000000e+00 0.00000000e+00 0.00000000e+00 0.00000000e+00 0.00000000e+00 0.00000000e+00 0.00000000e+00
 0.00000000e+00 0.00000000e+00 0.00000000e+00 0.00000000e+00 0.00000000e+00 0.00000000e+00 0.00000000e+00 0.00000000e+00 0.00000000e+00 0.00000000e+00
 0.00000000e+00 0.00000000e+00 0.00000000e+00 0.00000000e+00 0.00000000e+00 0.00000000e+00 0.00000000e+00 0.00000000e+00 0.00000000e+00 0.00000000e+00
 0.00000000e+00 0.00000000e+00 0.00000000e+00 0.00000000e+00 0.00000000e+00 0.00000000e+00 0.00000000e+00 0.00000000e+00 0.00000000e+00 0.00000000e+00
 0.00000000e+00 0.00000000e+00 0.00000000e+00 0.00000000e+00 0.00000000e+00 0.00000000e+00 0.00000000e+00 0.00000000e+00 0.00000000e+00 0.00000000e+00
 0.00000000e+00 0.00000000e+00 0.00000000e+00 0.00000000e+00 0.00000000e+00 0.00000000e+00 0.00000000e+00 0.00000000e+00 0.00000000e+00 0.00000000e+00
 0.00000000e+00 0.00000000e+00 0.00000000e+00 0.00000000e+00 0.00000000e+00 0.00000000e+00 0.00000000e+00 0.00000000e+00 0.00000000e+00 0.00000000e+00
 0.00000000e+00 0.00000000e+00 0.00000000e+00 0.00000000e+00 0.00000000e+00 0.00000000e+00 0.00000000e+00 0.00000000e+00 0.00000000e+00 0.00000000e+00
 0.00000000e+00 0.00000000e+00 0.00000000e+00 0.00000000e+00 0.00000000e+00 0.00000000e+00 0.00000000e+00 0.00000000e+00 0.00000000e+00 0.00000000e+00
