   0.0000000000000000e+00
   2.1009385727681340e+00
   3.9239181652555790e+00
   5.8692082255778333e+00
   7.6776183405468243e+00
   9.5461202350372165e+00
   1.1121285895199611e+01
   1.2846683178017582e+01
   1.4429292173753545e+01
   1.6036164761093982e+01
   1.7652008671454105e+01
   1.9452458981630194e+01
   2.0900599954858237e+01
   2.2466874372878014e+01
   2.3965663360154608e+01
   2.5573842352590539e+01
   2.7297471789626204e+01
   2.8876175785433013e+01
   3.0373154522304390e+01
   3.1977597843970120e+01
   3.3569161026961581e+01
   3.5149941440969776e+01
   3.6642166936922820e+01
   3.8144841107095843e+01
   3.9855280274974298e+01
   4.1398175415996093e+01
   4.2883338163125941e+01
   4.4365604841523393e+01
   4.6042074720488301e+01
   4.7653620541843125e+01
   4.9409114864039054e+01
   5.1299250643325848e+01
   5.3052270077778900e+01
   5.4827921276060820e+01
   5.6580573634024582e+01
   5.8467168513097477e+01
   6.0334168077953770e+01
   6.2219896070421179e+01
   6.4004926538119037e+01
   6.5792011288781652e+01
   6.7841143084876720e+01
   6.9769404619860765e+01
   7.1792239896115319e+01
   7.3856327409657567e+01
   7.6054708265459439e+01
   7.8326846664104494e+01
   8.0778602843942267e+01
   8.3162076386526380e+01
   8.5366474674199168e+01
   8.7612627889242717e+01
   9.0013694969500975e+01
   9.2542443809658522e+01
   9.5172267958103134e+01
   9.7667692563793310e+01
   1.0020428218412131e+02
   1.0275001938008253e+02
   1.0545288561562218e+02
   1.0823173974878004e+02
   1.1112279258190773e+02
   1.1411949393988073e+02
   1.1715705971964941e+02
   1.2022396374364311e+02
   1.2323871723361387e+02
   1.2656402855637339e+02
   1.3026197052941862e+02
   1.3365722260430383e+02
   1.3696669477144971e+02
   1.4028239435557461e+02
   1.4429887613994538e+02
   1.4817507395105474e+02
   1.5242138344644985e+02
   1.5639457888114163e+02
   1.6029732768924350e+02
   1.6421150794983416e+02
   1.6914995331574653e+02
   1.7375345378051060e+02
   1.7895276006382048e+02
   1.8371885389081601e+02
   1.8892478146565580e+02
   1.9409466389979593e+02
   1.9990585333774632e+02
   2.0622159008776143e+02
   2.1274578217078371e+02
   2.1942354376976004e+02
   2.2614946048855350e+02
   2.3379586771998595e+02
   2.4163777296265664e+02
   2.5090696121442912e+02
   2.6090552418897266e+02
   2.7074314685735226e+02
   2.8258389466084174e+02
   2.9529129574432341e+02
   3.0848205242136822e+02
   3.2298105295085543e+02
   3.4259032184114602e+02
   3.6329978579504956e+02
   3.8989560520823130e+02
   4.2413648654966300e+02
   4.7500387567108959e+02
   5.5218761039888886e+02
   1.2088867203415757e+03
