   0.0000000000000000e+00
   2.9506572068097131e-01
   5.7237003550875698e-01
   8.8223813675707952e-01
   1.1734000605737009e+00
   1.4659967288322757e+00
   1.7534114230777353e+00
   2.0195562095986683e+00
   2.3336814697445152e+00
   2.6382772025890922e+00
   2.9390565168942060e+00
   3.2403592828585941e+00
   3.5492982530078487e+00
   3.8623626504752129e+00
   4.1987889390104369e+00
   4.5333646847513567e+00
   4.8537900282399029e+00
   5.1825327041784446e+00
   5.5001610083435626e+00
   5.8454168568464659e+00
   6.2023142213231477e+00
   6.5521650962181752e+00
   6.8833699084610611e+00
   7.2135859095600807e+00
   7.5845729662499828e+00
   7.9191283530987064e+00
   8.3101841739340720e+00
   8.6762472873369898e+00
   9.0361332633895763e+00
   9.4147387850965618e+00
   9.7644929853365632e+00
   1.0137003326055867e+01
   1.0512256267258190e+01
   1.0910410629699337e+01
   1.1305251177615567e+01
   1.1687352448226354e+01
   1.2105035236922536e+01
   1.2535594222768596e+01
   1.3004863307596059e+01
   1.3433952709241105e+01
   1.3881302909544422e+01
   1.4357563711847362e+01
   1.4828864215330604e+01
   1.5305687187556099e+01
   1.5770829761676747e+01
   1.6269915718363354e+01
   1.6731943591393104e+01
   1.7208690062217158e+01
   1.7709313912263205e+01
   1.8182817487704327e+01
   1.8713740662142484e+01
   1.9269987019044788e+01
   1.9806140741913858e+01
   2.0366447531767118e+01
   2.0922047319762161e+01
   2.1512386600195875e+01
   2.2103742111813084e+01
   2.2631015848538606e+01
   2.3222093500425331e+01
   2.3812764343140667e+01
   2.4434631777284135e+01
   2.5096532245298793e+01
   2.5759902945042263e+01
   2.6449355237397697e+01
   2.7106376682853345e+01
   2.7815462269940159e+01
   2.8577605037116854e+01
   2.9407391720258659e+01
   3.0198517275930616e+01
   3.0993800902044761e+01
   3.1857065738051556e+01
   3.2755789580156048e+01
   3.3597674741564902e+01
   3.4508482669713722e+01
   3.5358926114617660e+01
   3.6400589860351005e+01
   3.7369114621695616e+01
   3.8371901088577019e+01
   3.9477687893445633e+01
   4.0625011747846308e+01
   4.1833106148697951e+01
   4.3134955008284223e+01
   4.4483647800396938e+01
   4.5947584519259294e+01
   4.7464850563548360e+01
   4.9293290636711653e+01
   5.1145051176820793e+01
   5.3049366328525103e+01
   5.5149493422164532e+01
   5.7299226510441216e+01
   5.9623155845080291e+01
   6.2243176824480017e+01
   6.5311042997849711e+01
   6.8537224922926725e+01
   7.2472759483138219e+01
   7.7005892953524778e+01
   8.2945464396739823e+01
   9.0038169837117962e+01
   1.0083429577161921e+02
   1.1776494838594496e+02
   2.7480107323295192e+02
