   0.0000000000000000e+00
   2.1477700810094640e+00
   4.2619772744066848e+00
   6.2712839571105956e+00
   8.2567733901873464e+00
   1.0142623861438040e+01
   1.2042308940698822e+01
   1.3929149301885410e+01
   1.5749887607016642e+01
   1.7588603919201290e+01
   1.9514097578358360e+01
   2.1441952420770104e+01
   2.3229937803244809e+01
   2.5035206042718741e+01
   2.6769241960732401e+01
   2.8653844566917009e+01
   3.0479176544058255e+01
   3.2404724781132089e+01
   3.4188514720546173e+01
   3.6029396156651167e+01
   3.7893647041135701e+01
   3.9717931051032039e+01
   4.1572632725471884e+01
   4.3418655249451724e+01
   4.5356047948565482e+01
   4.7437661965747417e+01
   4.9379993582235457e+01
   5.1389311576193663e+01
   5.3387409153598163e+01
   5.5497220164507432e+01
   5.7640944963704882e+01
   5.9796018071744392e+01
   6.1981358842753323e+01
   6.4149897782301394e+01
   6.6241761473337903e+01
   6.8402866906735497e+01
   7.0651883837551594e+01
   7.2964566163063992e+01
   7.5240706753037429e+01
   7.7518719456101493e+01
   7.9730037180324373e+01
   8.2246557916333074e+01
   8.4623258467094487e+01
   8.7204154415916520e+01
   8.9907673465527111e+01
   9.2709831194412132e+01
   9.5349729175930364e+01
   9.7945110797234065e+01
   1.0086628366124006e+02
   1.0373550039194969e+02
   1.0658047405686474e+02
   1.0947518098007752e+02
   1.1254705294076985e+02
   1.1562678222148105e+02
   1.1850635142534301e+02
   1.2162091199414029e+02
   1.2507800347067638e+02
   1.2857301806249052e+02
   1.3193707794909355e+02
   1.3540173561046146e+02
   1.3912226938837554e+02
   1.4305087283996613e+02
   1.4698359907225941e+02
   1.5084202497816992e+02
   1.5499185132743804e+02
   1.5891336269778475e+02
   1.6300688991169648e+02
   1.6711321322333086e+02
   1.7186492351738153e+02
   1.7646285526281176e+02
   1.8127358005637092e+02
   1.8599605080285764e+02
   1.9100653724135182e+02
   1.9591670552235720e+02
   2.0182387018388161e+02
   2.0748335037034821e+02
   2.1318789995488268e+02
   2.1940255314002326e+02
   2.2604142880779577e+02
   2.3324130901670711e+02
   2.4047879591915785e+02
   2.4870408373119568e+02
   2.5629400297251840e+02
   2.6413749045448191e+02
   2.7319301721546884e+02
   2.8277688028776748e+02
   2.9336955922704999e+02
   3.0437848624099200e+02
   3.1617421834335761e+02
   3.2998742899334741e+02
   3.4486720573539606e+02
   3.6142163842247231e+02
   3.7947054534576426e+02
   4.0005128837935939e+02
   4.2163873907833363e+02
   4.4645135978072011e+02
   4.7971739573043641e+02
   5.1660992430192982e+02
   5.7785167694603649e+02
   6.8037169285366554e+02
   1.3722243582266885e+03
