   0.0000000000000000e+00
   2.9523841567924130e-02
   6.0489671330385561e-02
   9.3577504622957233e-02
   1.2341938494124016e-01
   1.5436873821293276e-01
   1.8589258216725960e-01
   2.1555681998300352e-01
   2.4729136902270812e-01
   2.8196975632393073e-01
   3.1534112620208610e-01
   3.4687882174000545e-01
   3.8102534556913592e-01
   4.1311100291644776e-01
   4.4753058492812392e-01
   4.8229909349555056e-01
   5.1620455521827058e-01
   5.5205288348326209e-01
   5.8795901296053055e-01
   6.2661639868380625e-01
   6.6331589117535072e-01
   7.0144301379075591e-01
   7.3887673671926790e-01
   7.7813781277870242e-01
   8.1602240491247802e-01
   8.5402951428597007e-01
   8.9203947519972782e-01
   9.3171580051817093e-01
   9.7349575551418388e-01
   1.0176618196223803e+00
   1.0583601497072999e+00
   1.0967671132638568e+00
   1.1383020342949974e+00
   1.1808494474938942e+00
   1.2243444976449602e+00
   1.2697325571305944e+00
   1.3148681249765999e+00
   1.3616703286879337e+00
   1.4055900726322896e+00
   1.4568412627075604e+00
   1.5049136099115081e+00
   1.5508130597498240e+00
   1.6008292578704251e+00
   1.6516972918282355e+00
   1.7023278233605115e+00
   1.7534950393618465e+00
   1.8083799438527661e+00
   1.8619933486094200e+00
   1.9158116071832711e+00
   1.9791584907636421e+00
   2.0386978444621651e+00
   2.0937347588562196e+00
   2.1549963583086518e+00
   2.2115146358868101e+00
   2.2730219623652150e+00
   2.3346727852175979e+00
   2.4009499958083893e+00
   2.4660723415213934e+00
   2.5336868793676994e+00
   2.6076750419737178e+00
   2.6818794015840486e+00
   2.7578170787445835e+00
   2.8293722794216989e+00
   2.9093591586767431e+00
   2.9924858677670514e+00
   3.0710755480813026e+00
   3.1591565898852250e+00
   3.2491106857450625e+00
   3.3353407849069892e+00
   3.4268270818738342e+00
   3.5146895071162834e+00
   3.6112884771851195e+00
   3.7148815291579487e+00
   3.8229671901308127e+00
   3.9235166483565815e+00
   4.0405428638051015e+00
   4.1739459044768372e+00
   4.3021716353639174e+00
   4.4267673300163759e+00
   4.5621839655521912e+00
   4.6907823898667083e+00
   4.8402342719935483e+00
   4.9912926708197611e+00
   5.1596252097809661e+00
   5.3279451134714453e+00
   5.5199251659182522e+00
   5.7267406458753225e+00
   5.9290411269368786e+00
   6.1550249157782160e+00
   6.3942594328515465e+00
   6.6496079375078558e+00
   6.9624942514824069e+00
   7.3134794977141997e+00
   7.7018066657880224e+00
   8.1463553839347504e+00
   8.6435899821463629e+00
   9.3099395793039523e+00
   1.0123448907762477e+01
   1.1220989643163220e+01
   1.3287240107142157e+01
   3.0174855198054974e+01
