 1.00000000e+00 1.00000000e+00 1.00000000e+00 1.00000000e+00 1.00000000e+00 1.00000000e+00 1.00000000e+00 1.00000000e+00 1.00000000e+00 1.00000000e+00
 1.00000000e+00 1.00000000e+00 1.00000000e+00 1.00000000e+00 1.00000000e+00 1.00000000e+00 1.00000000e+00 1.00000000e+00 1.00000000e+00 1.00000000e+00
 1.00000000e+00 1.00000000e+00 1.00000000e+00 1.00000000e+00 1.00000000e+00 1.00000000e+00 1.00000000e+00 1.00000000e+00 1.00000000e+00 1.00000000e+00
 9.97437988e-01 9.97205077e-01 9.97632080e-01 9.97748535e-01 9.97632080e-01 9.97826171e-01 9.97360351e-01 9.97787353e-01 9.97632080e-01 9.97709716e-01
 9.86646481e-01 9.86180661e-01 9.87228757e-01 9.86413571e-01 9.87461667e-01 9.86995846e-01 9.87616940e-01 9.86918210e-01 9.85986569e-01 9.87034665e-01
 9.71779046e-01 9.71779046e-01 9.71080315e-01 9.72438958e-01 9.72244866e-01 9.71274407e-01 9.73215325e-01 9.71662591e-01 9.71507317e-01 9.70730950e-01
 9.61298086e-01 9.61763907e-01 9.61414541e-01 9.61414541e-01 9.61763907e-01 9.60405264e-01 9.63704825e-01 9.61453360e-01 9.61919180e-01 9.61065176e-01
 9.53534412e-01 9.53223866e-01 9.53185047e-01 9.52913319e-01 9.54349598e-01 9.53029774e-01 9.54854237e-01 9.54504872e-01 9.53689686e-01 9.53379139e-01
 9.45964831e-01 9.44528551e-01 9.45072008e-01 9.44955553e-01 9.46391833e-01 9.46042467e-01 9.45731920e-01 9.46353014e-01 9.45072008e-01 9.45887194e-01
 9.33698226e-01 9.31369124e-01 9.32029036e-01 9.32805404e-01 9.34202865e-01 9.33931136e-01 9.33969955e-01 9.34164046e-01 9.32145491e-01 9.32844222e-01
 9.09669656e-01 9.07418190e-01 9.08078103e-01 9.08815652e-01 9.10057839e-01 9.11610574e-01 9.09902566e-01 9.11998758e-01 9.08699196e-01 9.09592019e-01
 8.76169403e-01 8.73568573e-01 8.74733124e-01 8.73335662e-01 8.75121307e-01 8.77101044e-01 8.74733124e-01 8.78304414e-01 8.74539032e-01 8.76712861e-01
 8.35875936e-01 8.35254843e-01 8.37351035e-01 8.35293661e-01 8.36225302e-01 8.38709677e-01 8.35138387e-01 8.39447226e-01 8.35371298e-01 8.37079306e-01
 7.96941113e-01 7.96902294e-01 7.99774853e-01 7.95660106e-01 7.95543651e-01 8.01793409e-01 7.95660106e-01 8.01599317e-01 7.95116649e-01 7.96708202e-01
 7.59597842e-01 7.58549746e-01 7.60684756e-01 7.56026552e-01 7.53658631e-01 7.62780948e-01 7.57579287e-01 7.62004581e-01 7.54590272e-01 7.57618105e-01
 7.20236016e-01 7.19692559e-01 7.21361748e-01 7.15927177e-01 7.14879081e-01 7.24777765e-01 7.17635185e-01 7.23147393e-01 7.16004813e-01 7.16548271e-01
 6.80951826e-01 6.79282637e-01 6.79903730e-01 6.75750165e-01 6.75129071e-01 6.86037033e-01 6.76681806e-01 6.82815108e-01 6.78079267e-01 6.76215985e-01
 6.40076084e-01 6.40114902e-01 6.40619541e-01 6.35068514e-01 6.33787508e-01 6.44540196e-01 6.37824619e-01 6.40425449e-01 6.38717441e-01 6.36310702e-01
 5.98423974e-01 6.01917627e-01 6.00597803e-01 5.95202050e-01 5.93455223e-01 6.03159815e-01 6.00287256e-01 6.00287256e-01 5.99161523e-01 5.94270409e-01
 5.57043593e-01 5.58635146e-01 5.59954971e-01 5.55607313e-01 5.53472303e-01 5.62478165e-01 5.58208144e-01 5.62749893e-01 5.56267226e-01 5.53472303e-01
 5.18419316e-01 5.20049688e-01 5.18807500e-01 5.16400761e-01 5.14188114e-01 5.22534063e-01 5.17875859e-01 5.21369512e-01 5.16556034e-01 5.11975467e-01
 4.80066768e-01 4.83211055e-01 4.81192500e-01 4.77892939e-01 4.75641474e-01 4.83172237e-01 4.77504755e-01 4.83211055e-01 4.78552851e-01 4.70362175e-01
 4.41714219e-01 4.45363146e-01 4.42723497e-01 4.39385117e-01 4.37133652e-01 4.46488879e-01 4.39152207e-01 4.46721789e-01 4.38569931e-01 4.29758162e-01
 4.03245216e-01 4.07437599e-01 4.03711036e-01 4.01381934e-01 3.98975195e-01 4.07321144e-01 4.01071387e-01 4.10970071e-01 4.01032569e-01 3.91599705e-01
 3.67299406e-01 3.70754241e-01 3.67493498e-01 3.65047941e-01 3.63145841e-01 3.68968596e-01 3.64116300e-01 3.72035247e-01 3.63805753e-01 3.56469081e-01
 3.31237141e-01 3.35274252e-01 3.31586507e-01 3.28558674e-01 3.26384845e-01 3.33022786e-01 3.28675129e-01 3.37253989e-01 3.28403400e-01 3.19475176e-01
 2.97193432e-01 3.00531812e-01 2.98435620e-01 2.94670238e-01 2.91176585e-01 2.98008618e-01 2.94553783e-01 3.02395093e-01 2.94359691e-01 2.85159738e-01
 2.65051823e-01 2.66138737e-01 2.65750553e-01 2.61558169e-01 2.58802065e-01 2.65983463e-01 2.61752261e-01 2.70331121e-01 2.61247622e-01 2.52047669e-01
 2.33608944e-01 2.33880672e-01 2.33764217e-01 2.30387019e-01 2.27475641e-01 2.36520321e-01 2.31396297e-01 2.39858701e-01 2.30231746e-01 2.22739800e-01
 2.02864796e-01 2.01467334e-01 2.02088428e-01 2.00962696e-01 1.97546679e-01 2.06009083e-01 2.01622608e-01 2.08299367e-01 2.00807422e-01 1.94053026e-01
 1.73789837e-01 1.72625286e-01 1.73401654e-01 1.71266643e-01 1.67889445e-01 1.76274213e-01 1.72974652e-01 1.79107954e-01 1.72702923e-01 1.67967082e-01
 1.48092077e-01 1.46422887e-01 1.46384069e-01 1.46422887e-01 1.41415318e-01 1.49411902e-01 1.46345251e-01 1.52400916e-01 1.47276891e-01 1.41531773e-01
 1.24218780e-01 1.21152129e-01 1.22083770e-01 1.21656768e-01 1.17115019e-01 1.24645782e-01 1.22471954e-01 1.27557160e-01 1.23248321e-01 1.16571562e-01
 1.00888941e-01 9.81328365e-02 1.00229028e-01 9.77834711e-02 9.65412833e-02 1.01587671e-01 9.82881099e-02 1.05158961e-01 1.01665308e-01 9.51438221e-02
 8.07422072e-02 7.84907418e-02 8.09362991e-02 7.68603703e-02 7.68991887e-02 8.08974807e-02 7.74038275e-02 8.36535849e-02 8.12080276e-02 7.47253600e-02
 6.29633943e-02 6.08672024e-02 6.23423004e-02 5.86545553e-02 5.86933737e-02 6.27304841e-02 6.07119289e-02 6.61853189e-02 6.24587555e-02 5.72959124e-02
 4.80959590e-02 4.50681262e-02 4.82124141e-02 4.29331160e-02 4.44858507e-02 4.76301386e-02 4.66984977e-02 4.95322387e-02 4.68925896e-02 4.16132914e-02
 3.45483483e-02 3.28015217e-02 3.50141687e-02 3.07441481e-02 3.12876053e-02 3.49753503e-02 3.35778891e-02 3.51694422e-02 3.42766197e-02 2.90361399e-02
 2.30192927e-02 2.25922907e-02 2.30969295e-02 2.07290090e-02 2.13889212e-02 2.38732968e-02 2.43391173e-02 2.36015683e-02 2.36015683e-02 1.96420946e-02
 1.42463414e-02 1.41298863e-02 1.40522495e-02 1.34311556e-02 1.35087924e-02 1.48674353e-02 1.47121618e-02 1.57602578e-02 1.44016148e-02 1.22277862e-02
 8.34594930e-03 7.88012888e-03 8.22949420e-03 8.03540235e-03 7.45312682e-03 9.00586157e-03 7.84131051e-03 9.82104732e-03 8.26831257e-03 6.52148597e-03
 4.07592873e-03 4.34765731e-03 4.15356547e-03 3.92065525e-03 4.03711036e-03 5.08520632e-03 4.15356547e-03 5.08520632e-03 4.61938589e-03 3.37719809e-03
 1.82446334e-03 2.05737355e-03 1.86328170e-03 1.74682660e-03 1.70800823e-03 2.48437561e-03 1.74682660e-03 2.09619192e-03 2.01855518e-03 1.55273475e-03
 5.43457164e-04 8.15185746e-04 8.15185746e-04 5.82275533e-04 5.43457164e-04 1.24218780e-03 6.21093902e-04 1.08691433e-03 6.21093902e-04 3.88183689e-04
 1.16455107e-04 1.94091844e-04 3.10546951e-04 2.32910213e-04 2.32910213e-04 6.59912270e-04 1.94091844e-04 3.10546951e-04 1.16455107e-04 3.88183689e-05
 7.76367377e-05 3.88183689e-05 7.76367377e-05 3.88183689e-05 0.00000000e+00 2.32910213e-04 3.88183689e-05 0.00000000e+00 0.00000000e+00 0.00000000e+00
 0.00000000e+00 0.00000000e+00 0.00000000e+00 0.00000000e+00 0.00000000e+00 3.88183689e-05 0.00000000e+00 0.00000000e+00 0.00000000e+00 0.00000000e+00
 0.00000000e+00 0.00000000e+00 0.00000000e+00 0.00000000e+00 0.00000000e+00 0.00000000e+00 0.00000000e+00 0.00000000e+00 0.00000000e+00 0.00000000e+00
 0.00000000e+00 0.00000000e+00 0.00000000e+00 0.00000000e+00 0.00000000e+00 0.00000000e+00 0.00000000e+00 0.00000000e+00 0.00000000e+00 0.00000000e+00
 0.00000000e+00 0.00000000e+00 0.00000000e+00 0.00000000e+00 0.00000000e+00 0.00000000e+00 0.00000000e+00 0.00000000e+00 0.00000000e+00 0.00000000e+00
 0.00000000e+00 0.00000000e+00 0.00000000e+00 0.00000000e+00 0.00000000e+00 0.00000000e+00 0.00000000e+00 0.00000000e+00 0.00000000e+00 0.00000000e+00
 0.00000000e+00 0.00000000e+00 0.00000000e+00 0.00000000e+00 0.00000000e+00 0.00000000e+00 0.00000000e+00 0.00000000e+00 0.00000000e+00 0.00000000e+00
 0.00000000e+00 0.00000000e+00 0.00000000e+00 0.00000000e+00 0.00000000e+00 0.00000000e+00 0.00000000e+00 0.00000000e+00 0.00000000e+00 0.00000000e+00
 0.00000000e+00 0.00000000e+00 0.00000000e+00 0.00000000e+00 0.00000000e+00 0.00000000e+00 0.00000000e+00 0.00000000e+00 0.00000000e+00 0.00000000e+00
 0.00000000e+00 0.00000000e+00 0.00000000e+00 0.00000000e+00 0.00000000e+00 0.00000000e+00 0.00000000e+00 0.00000000e+00 0.00000000e+00 0.00000000e+00
 0.00000000e+00 0.00000000e+00 0.00000000e+00 0.00000000e+00 0.00000000e+00 0.00000000e+00 0.00000000e+00 0.00000000e+00 0.00000000e+00 0.00000000e+00
 0.00000000e+00 0.00000000e+00 0.00000000e+00 0.00000000e+00 0.00000000e+00 0.00000000e+00 0.00000000e+00 0.00000000e+00 0.00000000e+00 0.00000000e+00
 0.00000000e+00 0.00000000e+00 0.00000000e+00 0.00000000e+00 0.00000000e+00 0.00000000e+00 0.00000000e+00 0.00000000e+00 0.00000000e+00 0.00000000e+00
 0.00000000e+00 0.00000000e+00 0.00000000e+00 0.00000000e+00 0.00000000e+00 0.00000000e+00 0.00000000e+00 0.00000000e+00 0.00000000e+00 0.00000000e+00
 0.00000000e+00 0.00000000e+00 0.00000000e+00 0.00000000e+00 0.00000000e+00 0.00000000e+00 0.00000000e+00 0.00000000e+00 0.00000000e+00 0.00000000e+00
 0.00000000e+00 0.00000000e+00 0.00000000e+00 0.00000000e+00 0.00000000e+00 0.00000000e+00 0.00000000e+00 0.00000000e+00 0.00000000e+00 0.00000000e+00
 0.00000000e+00 0.00000000e+00 0.00000000e+00 0.00000000e+00 0.00000000e+00 0.00000000e+00 0.00000000e+00 0.00000000e+00 0.00000000e+00 0.00000000e+00
 0.00000000e+00 0.00000000e+00 0.00000000e+00 0.00000000e+00 0.00000000e+00 0.00000000e+00 0.00000000e+00 0.00000000e+00 0.00000000e+00 0.00000000e+00
 0.00000000e+00 0.00000000e+00 0.00000000e+00 0.00000000e+00 0.00000000e+00 0.00000000e+00 0.00000000e+00 0.00000000e+00 0.00000000e+00 0.00000000e+00
 0.00000000e+00 0.00000000e+00 0.00000000e+00 0.00000000e+00 0.00000000e+00 0.00000000e+00 0.00000000e+00 0.00000000e+00 0.00000000e+00 0.00000000e+00
 0.00000000e+00 0.00000000e+00 0.00000000e+00 0.00000000e+00 0.00000000e+00 0.00000000e+00 0.00000000e+00 0.00000000e+00 0.00000000e+00 0.00000000e+00
 0.00000000e+00 0.00000000e+00 0.00000000e+00 0.00000000e+00 0.00000000e+00 0.00000000e+00 0.00000000e+00 0.00000000e+00 0.00000000e+00 0.00000000e+00
 0.00000000e+00 0.00000000e+00 0.00000000e+00 0.00000000e+00 0.00000000e+00 0.00000000e+00 0.00000000e+00 0.00000000e+00 0.00000000e+00 0.00000000e+00
 0.00000000e+00 0.00000000e+00 0.00000000e+00 0.00000000e+00 0.00000000e+00 0.00000000e+00 0.00000000e+00 0.00000000e+00 0.00000000e+00 0.00000000e+00
 0.00000000e+00 0.00000000e+00 0.00000000e+00 0.00000000e+00 0.00000000e+00 0.00000000e+00 0.00000000e+00 0.00000000e+00 0.00000000e+00 0.00000000e+00
 0.00000000e+00 0.00000000e+00 0.00000000e+00 0.00000000e+00 0.00000000e+00 0.00000000e+00 0.00000000e+00 0.00000000e+00 0.00000000e+00 0.00000000e+00
 0.00000000e+00 0.00000000e+00 0.00000000e+00 0.00000000e+00 0.00000000e+00 0.00000000e+00 0.00000000e+00 0.00000000e+00 0.00000000e+00 0.00000000e+00
 0.00000000e+00 0.00000000e+00 0.00000000e+00 0.00000000e+00 0.00000000e+00 0.00000000e+00 0.00000000e+00 0.00000000e+00 0.00000000e+00 0.00000000e+00
 0.00000000e+00 0.00000000e+00 0.00000000e+00 0.00000000e+00 0.00000000e+00 0.00000000e+00 0.00000000e+00 0.00000000e+00 0.00000000e+00 0.00000000e+00
 0.00000000e+00 0.00000000e+00 0.00000000e+00 0.00000000e+00 0.00000000e+00 0.00000000e+00 0.00000000e+00 0.00000000e+00 0.00000000e+00 0.00000000e+00
 0.00000000e+00 0.00000000e+00 0.00000000e+00 0.00000000e+00 0.00000000e+00 0.00000000e+00 0.00000000e+00 0.00000000e+00 0.00000000e+00 0.00000000e+00
 0.00000000e+00 0.00000000e+00 0.00000000e+00 0.00000000e+00 0.00000000e+00 0.00000000e+00 0.00000000e+00 0.00000000e+00 0.00000000e+00 0.00000000e+00
 0.00000000e+00 0.00000000e+00 0.00000000e+00 0.00000000e+00 0.00000000e+00 0.00000000e+00 0.00000000e+00 0.00000000e+00 0.00000000e+00 0.00000000e+00
 0.00000000e+00 0.00000000e+00 0.00000000e+00 0.00000000e+00 0.00000000e+00 0.00000000e+00 0.00000000e+00 0.00000000e+00 0.00000000e+00 0.00000000e+00
 0.00000000e+00 0.00000000e+00 0.00000000e+00 0.00000000e+00 0.00000000e+00 0.00000000e+00 0.00000000e+00 0.00000000e+00 0.00000000e+00 0.00000000e+00
 0.00000000e+00 0.00000000e+00 0.00000000e+00 0.00000000e+00 0.00000000e+00 0.00000000e+00 0.00000000e+00 0.00000000e+00 0.00000000e+00 0.00000000e+00
 0.00000000e+00 0.00000000e+00 0.00000000e+00 0.00000000e+00 0.00000000e+00 0.00000000e+00 0.00000000e+00 0.00000000e+00 0.00000000e+00 0.00000000e+00
 0.00000000e+00 0.00000000e+00 0.00000000e+00 0.00000000e+00 0.00000000e+00 0.00000000e+00 0.00000000e+00 0.00000000e+00 0.00000000e+00 0.00000000e+00
 0.00000000e+00 0.00000000e+00 0.00000000e+00 0.00000000e+00 0.00000000e+00 0.00000000e+00 0.00000000e+00 0.00000000e+00 0.00000000e+00 0.00000000e+00
 0.00000000e+00 0.00000000e+00 0.00000000e+00 0.00000000e+00 0.00000000e+00 0.00000000e+00 0.00000000e+00 0.00000000e+00 0.00000000e+00 0.00000000e+00
 0.00000000e+00 0.00000000e+00 0.00000000e+00 0.00000000e+00 0.00000000e+00 0.00000000e+00 0.00000000e+00 0.00000000e+00 0.00000000e+00 0.00000000e+00
 0.00000000e+00 0.00000000e+00 0.00000000e+00 0.00000000e+00 0.00000000e+00 0.00000000e+00 0.00000000e+00 0.00000000e+00 0.00000000e+00 0.00000000e+00
 0.00000000e+00 0.00000000e+00 0.00000000e+00 0.00000000e+00 0.00000000e+00 0.00000000e+00 0.00000000e+00 0.00000000e+00 0.00000000e+00 0.00000000e+00
 0.00000000e+00 0.00000000e+00 0.00000000e+00 0.00000000e+00 0.00000000e+00 0.00000000e+00 0.00000000e+00 0.00000000e+00 0.00000000e+00 0.00000000e+00
 0.00000000e+00 0.00000000e+00 0.00000000e+00 0.00000000e+00 0.00000000e+00 0.00000000e+00 0.00000000e+00 0.00000000e+00 0.00000000e+00 0.00000000e+00
 0.00000000e+00 0.00000000e+00 0.00000000e+00 0.00000000e+00 0.00000000e+00 0.00000000e+00 0.00000000e+00 0.00000000e+00 0.00000000e+00 0.00000000e+00
 0.00000000e+00 0.00000000e+00 0.00000000e+00 0.00000000e+00 0.00000000e+00 0.00000000e+00 0.00000000e+00 0.00000000e+00 0.00000000e+00 0.00000000e+00
 0.00000000e+00 0.00000000e+00 0.00000000e+00 0.00000000e+00 0.00000000e+00 0.00000000e+00 0.00000000e+00 0.00000000e+00 0.00000000e+00 0.00000000e+00
 0.00000000e+00 0.00000000e+00 0.00000000e+00 0.00000000e+00 0.00000000e+00 0.00000000e+00 0.00000000e+00 0.00000000e+00 0.00000000e+00 0.00000000e+00
 0.00000000e+00 0.00000000e+00 0.00000000e+00 0.00000000e+00 0.00000000e+00 0.00000000e+00 0.00000000e+00 0.00000000e+00 0.00000000e+00 0.00000000e+00
 0.00000000e+00 0.00000000e+00 0.00000000e+00 0.00000000e+00 0.00000000e+00 0.00000000e+00 0.00000000e+00 0.00000000e+00 0.00000000e+00 0.00000000e+00
 0.00000000e+00 0.00000000e+00 0.00000000e+00 0.00000000e+00 0.00000000e+00 0.00000000e+00 0.00000000e+00 0.00000000e+00 0.00000000e+00 0.00000000e+00
 0.00000000e+00 0.00000000e+00 0.00000000e+00 0.00000000e+00 0.00000000e+00 0.00000000e+00 0.00000000e+00 0.00000000e+00 0.00000000e+00 0.00000000e+00
 0.00000000e+00 0.00000000e+00 0.00000000e+00 0.00000000e+00 0.00000000e+00 0.00000000e+00 0.00000000e+00 0.00000000e+00 0.00000000e+00 0.00000000e+00
 0.00000000e+00 0.00000000e+00 0.00000000e+00 0.00000000e+00 0.00000000e+00 0.00000000e+00 0.00000000e+00 0.00000000e+00 0.00000000e+00 0.00000000e+00
 0.00000000e+00 0.00000000e+00 0.00000000e+00 0.00000000e+00 0.00000000e+00 0.00000000e+00 0.00000000e+00 0.00000000e+00 0.00000000e+00 0.00000000e+00
 0.00000000e+00 0.00000000e+00 0.00000000e+00 0.00000000e+00 0.00000000e+00 0.00000000e+00 0.00000000e+00 0.00000000e+00 0.00000000e+00 0.00000000e+00
 0.00000000e+00 0.00000000e+00 0.00000000e+00 0.00000000e+00 0.00000000e+00 0.00000000e+00 0.00000000e+00 0.00000000e+00 0.00000000e+00 0.00000000e+00
 0.00000000e+00 0.00000000e+00 0.00000000e+00 0.00000000e+00 0.00000000e+00 0.00000000e+00 0.00000000e+00 0.00000000e+00 0.00000000e+00 0.00000000e+00
 0.00000000e+00 0.00000000e+00 0.00000000e+00 0.00000000e+00 0.00000000e+00 0.00000000e+00 0.00000000e+00 0.00000000e+00 0.00000000e+00 0.00000000e+00
 0.00000000e+00 0.00000000e+00 0.00000000e+00 0.00000000e+00 0.00000000e+00 0.00000000e+00 0.00000000e+00 0.00000000e+00 0.00000000e+00 0.00000000e+00
 0.00000000e+00 0.00000000e+00 0.00000000e+00 0.00000000e+00 0.00000000e+00 0.00000000e+00 0.00000000e+00 0.00000000e+00 0.00000000e+00 0.00000000e+00
 0.00000000e+00 0.00000000e+00 0.00000000e+00 0.00000000e+00 0.00000000e+00 0.00000000e+00 0.00000000e+00 0.00000000e+00 0.00000000e+00 0.00000000e+00
 0.00000000e+00 0.00000000e+00 0.00000000e+00 0.00000000e+00 0.00000000e+00 0.00000000e+00 0.00000000e+00 0.00000000e+00 0.00000000e+00 0.00000000e+00
 0.00000000e+00 0.00000000e+00 0.00000000e+00 0.00000000e+00 0.00000000e+00 0.00000000e+00 0.00000000e+00 0.00000000e+00 0.00000000e+00 0.00000000e+00
 0.00000000e+00 0.00000000e+00 0.00000000e+00 0.00000000e+00 0.00000000e+00 0.00000000e+00 0.00000000e+00 0.00000000e+00 0.00000000e+00 0.00000000e+00
 0.00000000e+00 0.00000000e+00 0.00000000e+00 0.00000000e+00 0.00000000e+00 0.00000000e+00 0.00000000e+00 0.00000000e+00 0.00000000e+00 0.00000000e+00
 0.00000000e+00 0.00000000e+00 0.00000000e+00 0.00000000e+00 0.00000000e+00 0.00000000e+00 0.00000000e+00 0.00000000e+00 0.00000000e+00 0.00000000e+00
 0.00000000e+00 0.00000000e+00 0.00000000e+00 0.00000000e+00 0.00000000e+00 0.00000000e+00 0.00000000e+00 0.00000000e+00 0.00000000e+00 0.00000000e+00
 0.00000000e+00 0.00000000e+00 0.00000000e+00 0.00000000e+00 0.00000000e+00 0.00000000e+00 0.00000000e+00 0.00000000e+00 0.00000000e+00 0.00000000e+00
 0.00000000e+00 0.00000000e+00 0.00000000e+00 0.00000000e+00 0.00000000e+00 0.00000000e+00 0.00000000e+00 0.00000000e+00 0.00000000e+00 0.00000000e+00
 0.00000000e+00 0.00000000e+00 0.00000000e+00 0.00000000e+00 0.00000000e+00 0.00000000e+00 0.00000000e+00 0.00000000e+00 0.00000000e+00 0.00000000e+00
 0.00000000e+00 0.00000000e+00 0.00000000e+00 0.00000000e+00 0.00000000e+00 0.00000000e+00 0.00000000e+00 0.00000000e+00 0.00000000e+00 0.00000000e+00
 0.00000000e+00 0.00000000e+00 0.00000000e+00 0.00000000e+00 0.00000000e+00 0.00000000e+00 0.00000000e+00 0.00000000e+00 0.00000000e+00 0.00000000e+00
 0.00000000e+00 0.00000000e+00 0.00000000e+00 0.00000000e+00 0.00000000e+00 0.00000000e+00 0.00000000e+00 0.00000000e+00 0.00000000e+00 0.00000000e+00
 0.00000000e+00 0.00000000e+00 0.00000000e+00 0.00000000e+00 0.00000000e+00 0.00000000e+00 0.00000000e+00 0.00000000e+00 0.00000000e+00 0.00000000e+00
