 0.00000000e+00
 2.94039137e+01
 3.23402785e+02
 6.17401656e+02
 9.11400527e+02
 1.20540946e+03
 1.49940833e+03
 1.79340721e+03
 2.08740608e+03
 2.38140495e+03
 2.67540382e+03
 2.96940269e+03
 3.26340156e+03
 3.55740043e+03
 3.85140937e+03
 4.14540824e+03
 4.43940711e+03
 4.73340598e+03
 5.02740485e+03
 5.32140372e+03
 5.61540259e+03
 5.90940147e+03
 6.20340034e+03
 6.49740927e+03
 6.79140815e+03
 7.08540702e+03
 7.37940589e+03
 7.67340476e+03
 7.96740363e+03
 8.26140250e+03
 8.55540137e+03
 8.84940024e+03
 9.14340918e+03
 9.43740805e+03
 9.73140692e+03
 1.00254058e+04
 1.03194047e+04
 1.06134035e+04
 1.09074024e+04
 1.12014013e+04
 1.14954001e+04
 1.17894091e+04
 1.20834080e+04
 1.23774068e+04
 1.26714057e+04
 1.29654046e+04
 1.32594034e+04
 1.35534023e+04
 1.38474012e+04
 1.41414001e+04
 1.44354090e+04
 1.47294079e+04
 1.50234067e+04
 1.53174056e+04
 1.56114045e+04
 1.59054033e+04
 1.61994022e+04
 1.64934011e+04
 1.67874100e+04
 1.70814089e+04
 1.73754078e+04
 1.76694066e+04
 1.79634055e+04
 1.82574044e+04
 1.85514032e+04
 1.88454021e+04
 1.91394010e+04
 1.94334099e+04
 1.97274088e+04
 2.00214077e+04
 2.03154065e+04
 2.06094054e+04
 2.09034043e+04
 2.11974032e+04
 2.14914020e+04
 2.17854009e+04
 2.20794098e+04
 2.23734087e+04
 2.26674076e+04
 2.29614064e+04
 2.32554053e+04
 2.35494042e+04
 2.38434031e+04
 2.41374019e+04
 2.44314008e+04
 2.47254097e+04
 2.50194086e+04
 2.53134075e+04
 2.56074064e+04
 2.59014052e+04
 2.61954041e+04
 2.64894030e+04
 2.67834018e+04
 2.70774007e+04
 2.73714096e+04
 2.76654085e+04
 2.79594074e+04
 2.82534063e+04
 2.85474051e+04
 2.88414040e+04
 2.91354029e+04
 2.94294017e+04
 2.97234006e+04
 3.00174095e+04
 3.03114084e+04
 3.06054073e+04
 3.08994062e+04
 3.11934050e+04
 3.14874039e+04
 3.17814028e+04
 3.20754016e+04
 3.23694005e+04
 3.26634095e+04
 3.29574083e+04
 3.32514072e+04
 3.35454061e+04
 3.38394049e+04
 3.41334038e+04
 3.44274027e+04
 3.47214016e+04
 3.50154004e+04
